5.435656199371021e-06 -0.0002943016421250108 0.00011631984988658209 0.00041517447608956836 0.00018265874853892053 5.059743011317942e-05 3.574626437061528e-05 5.409801399757748e-05 7.313402051517594e-05 8.878606627059341e-05 0.00010202824719420161 0.00011400295792393723 0.0001253844294045513 
-0.0002943016421250108 0.17887833440065584 0.022124501883355952 -0.06556841273426961 -0.023340585552426785 0.0028784425674756634 0.0054302447600774245 0.0014961925568760545 -0.001992088368067289 -0.004301348403989074 -0.005807208958251684 -0.006879773072793117 -0.007740649936024225 
0.00011631984988658209 0.022124501883355952 0.13276613961905842 0.027411795791045464 0.00885297210369932 0.005431878827441103 0.003243926468091628 0.0022679317489738473 0.0020413908437839864 0.002139150214912941 0.002351488767221395 0.002597160056594013 0.0028496076581534663 
0.00041517447608956836 -0.06556841273426961 0.027411795791045464 0.08207348059043384 0.03951409960766105 0.010828969066062717 0.003346496325038408 0.0037473169907737765 0.005316486070761445 0.006737736492276439 0.007910003945462072 0.008923484619867555 0.009854774751626225 
0.00018265874853892053 -0.023340585552426785 0.00885297210369932 0.03951409960766105 0.02447428983568164 0.01026320457393791 0.00434917871002382 0.002968284679208291 0.002895302006765142 0.003173016148214063 0.003535301116147066 0.003913339655981948 0.004291752027659305 
5.059743011317942e-05 0.0028784425674756634 0.005431878827441103 0.010828969066062717 0.01026320457393791 0.006492131229517168 0.0033570973194946 0.0018629798270370142 0.0012492990970573398 0.0010424749571202486 0.0010128900397879711 0.0010580769445981473 0.0011341992007375859 
3.574626437061528e-05 0.0054302447600774245 0.003243926468091628 0.003346496325038408 0.00434917871002382 0.0033570973194946 0.0019774276400720244 0.0011925228949999742 0.00084068436383925 0.000716691282938069 0.0007001066965741655 0.0007314689317880046 0.0007835708790794866 
5.409801399757748e-05 0.0014961925568760545 0.0022679317489738473 0.0037473169907737765 0.002968284679208291 0.0018629798270370142 0.0011925228949999742 0.000953439444175919 0.0009106877651825075 0.000953369940731543 0.0010327635780950169 0.0011278301381472484 0.0012295576941509902 
7.313402051517594e-05 -0.001992088368067289 0.0020413908437839864 0.005316486070761445 0.002895302006765142 0.0012492990970573398 0.00084068436383925 0.0009106877651825075 0.0010686838982131208 0.0012317939800261845 0.001388454265846971 0.001540180046468484 0.0016892974639792031 
8.878606627059341e-05 -0.004301348403989074 0.002139150214912941 0.006737736492276439 0.003173016148214063 0.0010424749571202486 0.000716691282938069 0.000953369940731543 0.0012317939800261845 0.001473188102770032 0.001684115141946085 0.0018782971373453238 0.002064458167966163 
0.00010202824719420161 -0.005807208958251684 0.002351488767221395 0.007910003945462072 0.003535301116147066 0.0010128900397879711 0.0007001066965741655 0.0010327635780950169 0.001388454265846971 0.001684115141946085 0.0019353932572859613 0.0021629047097049357 0.0023791309082443948 
0.00011400295792393723 -0.006879773072793117 0.002597160056594013 0.008923484619867555 0.003913339655981948 0.0010580769445981473 0.0007314689317880046 0.0011278301381472484 0.001540180046468484 0.0018782971373453238 0.0021629047097049357 0.002419038471871924 0.0026616761357419875 
0.0001253844294045513 -0.007740649936024225 0.0028496076581534663 0.009854774751626225 0.004291752027659305 0.0011341992007375859 0.0007835708790794866 0.0012295576941509902 0.0016892974639792031 0.002064458167966163 0.0023791309082443948 0.0026616761357419875 0.0029289993052213524 
