1.3802194356416563e-07 -2.341540000861356e-06 1.2663909013602565e-05 1.4439829467286821e-05 7.787332397247094e-06 3.4606719897048924e-06 2.0191410271063705e-06 1.8776779563968905e-06 2.0675797845657293e-06 2.332848460727211e-06 2.6113364061054438e-06 2.8901269418719555e-06 3.167580672625425e-06 
-2.341540000861356e-06 0.001164457016284446 0.00024668423755976456 -0.0005066946693215419 -0.00020932472319299216 -6.1074760585273065e-06 2.3606205097015506e-05 1.0639854707410777e-06 -2.1282877191069524e-05 -3.6743913591846594e-05 -4.725754701714381e-05 -5.507651565992757e-05 -6.158108141528535e-05 
1.2663909013602565e-05 0.00024668423755976456 0.002766809577138344 0.001706066839021172 0.0009053919322626629 0.00044431096371116497 0.0002496692223981136 0.0002008683149273076 0.00020155565813284568 0.0002188086791015615 0.00024153335659808303 0.0002660348558920301 0.00029110023986318934 
1.4439829467286821e-05 -0.0005066946693215419 0.001706066839021172 0.002139386372703467 0.0011754716493516484 0.0004990224881510093 0.000250188993091238 0.00020711365640404034 0.0002195386774792543 0.0002456807134621876 0.0002747005911877722 0.00030406958722997474 0.00033333144965500846 
7.787332397247094e-06 -0.00020932472319299216 0.0009053919322626629 0.0011754716493516484 0.0006945380316442031 0.00031961921776410324 0.00016211858347328742 0.00012430220933796297 0.00012371745832533287 0.0001344678744375104 0.00014863077700213336 0.00016380722649324115 0.0001792791576657257 
3.4606719897048924e-06 -6.1074760585273065e-06 0.00044431096371116497 0.0004990224881510093 0.00031961921776410324 0.0001640446734680089 8.690290301642165e-05 6.277039066314788e-05 5.826893792761334e-05 6.094280526776219e-05 6.625249566300116e-05 7.253830116115042e-05 7.918887284166146e-05 
2.0191410271063705e-06 2.3606205097015506e-05 0.0002496692223981136 0.000250188993091238 0.00016211858347328742 8.690290301642165e-05 4.851070022942434e-05 3.616715539440104e-05 3.391039619276055e-05 3.550266999426742e-05 3.8568789415309354e-05 4.220284119104575e-05 4.6057258248155977e-05 
1.8776779563968905e-06 1.0639854707410777e-06 0.0002008683149273076 0.00020711365640404034 0.00012430220933796297 6.277039066314788e-05 3.616715539440104e-05 2.9660352624078802e-05 2.9903447885720565e-05 3.2422834883450414e-05 3.572434232403209e-05 3.930057403889525e-05 4.297558258541493e-05 
2.0675797845657293e-06 -2.1282877191069524e-05 0.00020155565813284568 0.0002195386774792543 0.00012371745832533287 5.826893792761334e-05 3.391039619276055e-05 2.9903447885720565e-05 3.177361491742491e-05 3.5294518171030075e-05 3.926705432139473e-05 4.3358567396769414e-05 4.747959770885352e-05 
2.332848460727211e-06 -3.6743913591846594e-05 0.0002188086791015615 0.0002456807134621876 0.0001344678744375104 6.094280526776219e-05 3.550266999426742e-05 3.2422834883450414e-05 3.5294518171030075e-05 3.963150625847929e-05 4.428191750276144e-05 4.897680066272482e-05 5.3665588964277856e-05 
2.6113364061054438e-06 -4.725754701714381e-05 0.00024153335659808303 0.0002747005911877722 0.00014863077700213336 6.625249566300116e-05 3.8568789415309354e-05 3.572434232403209e-05 3.926705432139473e-05 4.428191750276144e-05 4.956269195613286e-05 5.4853763546225166e-05 6.012046733879805e-05 
2.8901269418719555e-06 -5.507651565992757e-05 0.0002660348558920301 0.00030406958722997474 0.00016380722649324115 7.253830116115042e-05 4.220284119104575e-05 3.930057403889525e-05 4.3358567396769414e-05 4.897680066272482e-05 5.4853763546225166e-05 6.072536644670633e-05 6.656247490737829e-05 
3.167580672625425e-06 -6.158108141528535e-05 0.00029110023986318934 0.00033333144965500846 0.0001792791576657257 7.918887284166146e-05 4.6057258248155977e-05 4.297558258541493e-05 4.747959770885352e-05 5.3665588964277856e-05 6.012046733879805e-05 6.656247490737829e-05 7.296350494674632e-05 
