2.7400333776800005e-06 -0.00018178698037824378 9.760873451885603e-05 0.00026136905148727404 0.00012248483985542047 3.927855924077751e-05 2.295341013505225e-05 2.8833471404265307e-05 3.7226612587995764e-05 4.472315725232117e-05 5.1283206568640757e-05 5.728885672867784e-05 6.301568261886136e-05 
-0.00018178698037824378 0.0748707919095901 0.0028339340926101576 -0.03842055969384055 -0.01665424798924252 -0.0020512471226650664 0.0007696024118072374 -0.0003057228359702172 -0.0016100091316357589 -0.002568839996918933 -0.0032460028227296756 -0.003762843643533218 -0.004199587391491351 
9.760873451885603e-05 0.0028339340926101576 0.06500521898803509 0.022613616829364833 0.010881850266098208 0.005558009580158503 0.0027472446891728466 0.0017897611804401155 0.0016023133208971237 0.0016908865424609253 0.0018658918725660825 0.002063338170921524 0.0022644096311784725 
0.00026136905148727404 -0.03842055969384055 0.022613616829364833 0.05365406672021751 0.026354202238603793 0.008214273935677106 0.002957071461619453 0.0027439909141305555 0.0034571647433733975 0.004207452968689647 0.004870317847075646 0.005466235552421182 0.006025205657298012 
0.00012248483985542047 -0.01665424798924252 0.010881850266098208 0.026354202238603793 0.015376063939808787 0.006312068828325633 0.0026888016099734214 0.0018890973851408094 0.0018828663164684187 0.002081994820041535 0.002327156830737444 0.0025789497924044755 0.002829497633056233 
3.927855924077751e-05 -0.0020512471226650664 0.005558009580158503 0.008214273935677106 0.006312068828325633 0.003550974939987727 0.001771634670689357 0.0010514810388313894 0.0008044725415956352 0.000753386016128351 0.0007810754394575795 0.0008399208459872033 0.0009109627709782149 
2.295341013505225e-05 0.0007696024118072374 0.0027472446891728466 0.002957071461619453 0.0026888016099734214 0.001771634670689357 0.0009927826418603004 0.0006237301357059327 0.00048203488373216915 0.0004471142628192734 0.00045913349770823354 0.0004910620170466367 0.0005312516134136543 
2.8833471404265307e-05 -0.0003057228359702172 0.0017897611804401155 0.0027439909141305555 0.0018890973851408094 0.0010514810388313894 0.0006237301357059327 0.000493080237682409 0.0004782562788575408 0.0005079858182563219 0.0005548839478272972 0.0006084074418631943 0.0006644888987527391 
3.7226612587995764e-05 -0.0016100091316357589 0.0016023133208971237 0.0034571647433733975 0.0018828663164684187 0.0008044725415956352 0.00048203488373216915 0.0004782562788575408 0.0005458557208380266 0.000625104037519008 0.0007038935182698612 0.0007809100697211092 0.0008567124517976094 
4.472315725232117e-05 -0.002568839996918933 0.0016908865424609253 0.004207452968689647 0.002081994820041535 0.000753386016128351 0.0004471142628192734 0.0005079858182563219 0.000625104037519008 0.0007376708162216877 0.0008402266868755277 0.0009362375787514781 0.0010288258556340121 
5.1283206568640757e-05 -0.0032460028227296756 0.0018658918725660825 0.004870317847075646 0.002327156830737444 0.0007810754394575795 0.00045913349770823354 0.0005548839478272972 0.0007038935182698612 0.0008402266868755277 0.0009611771177196922 0.0010727689806370594 0.001179600671100878 
5.728885672867784e-05 -0.003762843643533218 0.002063338170921524 0.005466235552421182 0.0025789497924044755 0.0008399208459872033 0.0004910620170466367 0.0006084074418631943 0.0007809100697211092 0.0009362375787514781 0.0010727689806370594 0.0011980693078366285 0.0013176980497833536 
6.301568261886136e-05 -0.004199587391491351 0.0022644096311784725 0.006025205657298012 0.002829497633056233 0.0009109627709782149 0.0005312516134136543 0.0006644888987527391 0.0008567124517976094 0.0010288258556340121 0.001179600671100878 0.0013176980497833536 0.001449407932047693 
