8.647591770983418e-07 -3.4018115660624624e-05 6.992919717022485e-05 7.440110134568955e-05 3.341204127642457e-05 1.1733418389025393e-05 7.701213788541169e-06 9.515175460421909e-06 1.2028771747441783e-05 1.4316545700362774e-05 1.6355432930358286e-05 1.824428210645606e-05 2.0056839256393377e-05 
-3.4018115660624624e-05 0.017777082160664072 0.002312275269256504 -0.006707154226459349 -0.0025973665433937287 7.869459669819152e-05 0.0004142122179085636 6.311187102781437e-05 -0.00026936333362942774 -0.0004968664146376626 -0.0006498738957272475 -0.0007620932279231112 -0.0008542373477235481 
6.992919717022485e-05 0.002312275269256504 0.018652185492389266 0.00785221801906544 0.0036228478443890064 0.0017994567259580953 0.0011119353743038742 0.0009961825527620082 0.0010672021327767394 0.0011937317295702184 0.0013342488946828436 0.0014770642198910586 0.001619529347347213 
7.440110134568955e-05 -0.006707154226459349 0.00785221801906544 0.01280928154921738 0.006084280144538733 0.0018820719921272802 0.0007591923754156368 0.0007856905507816064 0.001004207874341825 0.001218337049153738 0.0014059849046365721 0.001575407570532356 0.0017351554047155711 
3.341204127642457e-05 -0.0025973665433937287 0.0036228478443890064 0.006084280144538733 0.003253421610450813 0.0012364597327004857 0.0005428021656258153 0.00044493011966237296 0.0004901560741799058 0.0005626462174079618 0.0006366996879811424 0.0007084254429386924 0.0007782730338189862 
1.1733418389025393e-05 7.869459669819152e-05 0.0017994567259580953 0.0018820719921272802 0.0012364597327004857 0.0006486109748041652 0.0003369284468500223 0.0002309074196675448 0.0002054728994608575 0.00021064500934693027 0.00022732073855679627 0.00024829249125219376 0.00027086091943270086 
7.701213788541169e-06 0.0004142122179085636 0.0011119353743038742 0.0007591923754156368 0.0005428021656258153 0.0003369284468500223 0.00020253960273096194 0.00014926414733710915 0.00013524641519820302 0.0001384410013090745 0.0001488533300623291 0.00016221544152426737 0.0001767635480278162 
9.515175460421909e-06 6.311187102781437e-05 0.0009961825527620082 0.0007856905507816064 0.00044493011966237296 0.0002309074196675448 0.00014926414733710915 0.00013709037219542444 0.0001468155333895803 0.0001632442174470139 0.00018165141499049627 0.00020060817783618408 0.00021970084287740318 
1.2028771747441783e-05 -0.00026936333362942774 0.0010672021327767394 0.001004207874341825 0.0004901560741799058 0.0002054728994608575 0.00013524641519820302 0.0001468155333895803 0.00017395028935766172 0.0002019200823551883 0.0002285080770135431 0.0002539888073462174 0.00027884497400128115 
1.4316545700362774e-05 -0.0004968664146376626 0.0011937317295702184 0.001218337049153738 0.0005626462174079618 0.00021064500934693027 0.0001384410013090745 0.0001632442174470139 0.0002019200823551883 0.0002383932958545067 0.00027153729566998147 0.0003025639249464997 0.00033248798962445114 
1.6355432930358286e-05 -0.0006498738957272475 0.0013342488946828436 0.0014059849046365721 0.0006366996879811424 0.00022732073855679627 0.0001488533300623291 0.00018165141499049627 0.0002285080770135431 0.00027153729566998147 0.00031005364931817255 0.00034580861467268316 0.0003801481367172895 
1.824428210645606e-05 -0.0007620932279231112 0.0014770642198910586 0.001575407570532356 0.0007084254429386924 0.00024829249125219376 0.00016221544152426737 0.00020060817783618408 0.0002539888073462174 0.0003025639249464997 0.00034580861467268316 0.0003858279313605604 0.00042420159149747456 
2.0056839256393377e-05 -0.0008542373477235481 0.001619529347347213 0.0017351554047155711 0.0007782730338189862 0.00027086091943270086 0.0001767635480278162 0.00021970084287740318 0.00027884497400128115 0.00033248798962445114 0.0003801481367172895 0.00042420159149747456 0.000466417615264511 
