3.152789352829476e-06 -0.0001231464617964171 0.00019737723634692962 0.00025048280253912446 0.00012943016706369948 5.5167399788002795e-05 3.5926521810359056e-05 3.8535520323214876e-05 4.541462334820686e-05 5.259314649546368e-05 5.945137707920102e-05 6.604394261280388e-05 7.248736903656315e-05 
-0.0001231464617964171 0.0647383056873356 0.011380105815159074 -0.024639087929147367 -0.010979146245327307 -0.0011651839078156586 0.0006595296410901953 -0.00014500778762030099 -0.0010680550970334818 -0.001733454914316193 -0.0021972645165250714 -0.0025484457443777113 -0.002844153768099432 
0.00019737723634692962 0.011380105815159074 0.053828062673195815 0.02348843829100283 0.011512640849460635 0.005912221053286096 0.003570754783140001 0.003010396736995173 0.003089844962118461 0.0033880472905283604 0.003756438386512639 0.004145536525042219 0.004539954266690122 
0.00025048280253912446 -0.024639087929147367 0.02348843829100283 0.04115842390089151 0.020499141801105205 0.0069066529762372006 0.0029338623569225724 0.002812959810433219 0.003426961248965464 0.004084786712329253 0.004683392635463315 0.005234711847174072 0.005759862594919729 
0.00012943016706369948 -0.010979146245327307 0.011512640849460635 0.020499141801105205 0.011545480796630416 0.004721544566577462 0.002205264263832645 0.0017891746941293115 0.0019206674866067371 0.0021743695662252414 0.0024460237341951564 0.0027149950800620963 0.002979750717709192 
5.5167399788002795e-05 -0.0011651839078156586 0.005912221053286096 0.0069066529762372006 0.004721544566577462 0.0025386001183330844 0.0013765831081855153 0.0010008693165190678 0.0009314173648448382 0.0009761403756348545 0.0010627438033768153 0.0011645725644213554 0.0012719080487689019 
3.5926521810359056e-05 0.0006595296410901953 0.003570754783140001 0.0029338623569225724 0.002205264263832645 0.0013765831081855153 0.0008475962892504879 0.0006523321487492433 0.0006129823329984884 0.00063992803598008 0.0006939508830025067 0.0007587903311201585 0.0008278946238745305 
3.8535520323214876e-05 -0.00014500778762030099 0.003010396736995173 0.002812959810433219 0.0017891746941293115 0.0010008693165190678 0.0006523321487492433 0.0005797133649187641 0.0006051070146148636 0.0006644593483546652 0.0007354769211143147 0.0008104849676889628 0.0008868564482155217 
4.541462334820686e-05 -0.0010680550970334818 0.003089844962118461 0.003426961248965464 0.0019206674866067371 0.0009314173648448382 0.0006129823329984884 0.0006051070146148636 0.0006775646139481771 0.0007677984262402453 0.0008605561213238951 0.0009528637341345618 0.0010445292415236628 
5.259314649546368e-05 -0.001733454914316193 0.0033880472905283604 0.004084786712329253 0.0021743695662252414 0.0009761403756348545 0.00063992803598008 0.0006644593483546652 0.0007677984262402453 0.0008818270484686251 0.00099358854352726 0.001102389963686854 0.0012093653678458896 
5.945137707920102e-05 -0.0021972645165250714 0.003756438386512639 0.004683392635463315 0.0024460237341951564 0.0010627438033768153 0.0006939508830025067 0.0007354769211143147 0.0008605561213238951 0.00099358854352726 0.0011218331571348462 0.00124566888406752 0.0013669630779378984 
6.604394261280388e-05 -0.0025484457443777113 0.004145536525042219 0.005234711847174072 0.0027149950800620963 0.0011645725644213554 0.0007587903311201585 0.0008104849676889628 0.0009528637341345618 0.001102389963686854 0.00124566888406752 0.0013836006645770661 0.0015185052627541497 
7.248736903656315e-05 -0.002844153768099432 0.004539954266690122 0.005759862594919729 0.002979750717709192 0.0012719080487689019 0.0008278946238745305 0.0008868564482155217 0.0010445292415236628 0.0012093653678458896 0.0013669630779378984 0.0015185052627541497 0.0016666395292959752 
