6.098514310057063e-06 0.00010081522391614152 0.00043237054146834787 0.00015127795952259848 6.756600788040483e-05 6.239300000379662e-05 7.41867554137759e-05 8.83582878384284e-05 0.00010206346532382029 0.00011510603780827049 0.0001277225138254296 0.00014011430109286133 
0.00010081522391614152 0.033673355185034975 0.02517374984116327 0.002857850260994956 0.0026107229296985853 0.0023268549292510873 0.0019985954589871696 0.0018595545768504854 0.0018785589865327893 0.001990540615713879 0.0021503806207701093 0.0023331801250265688 
0.00043237054146834787 0.02517374984116327 0.1766885571378849 0.07665829044824442 0.025772566667977177 0.010638478156442874 0.006969766516143846 0.006672860865093526 0.00730149522515058 0.008152134949082313 0.009039446585854741 0.00992309896706397 
0.00015127795952259848 0.002857850260994956 0.07665829044824442 0.051196149158405264 0.022139885118938666 0.009730166579193237 0.005071548081417065 0.0034642049935120923 0.0030321746863586174 0.003051918204027004 0.003245455478297439 0.0035059320831717475 
6.756600788040483e-05 0.0026107229296985853 0.025772566667977177 0.022139885118938666 0.011150890043814936 0.005356228335969038 0.0028406519314327235 0.0018371162279584468 0.0014911131984470074 0.0014251264097411083 0.0014768866215485452 0.001577690546060361 
6.239300000379662e-05 0.0023268549292510873 0.010638478156442874 0.009730166579193237 0.005356228335969038 0.0028707539188895545 0.001769026431796381 0.0013477958068699096 0.0012353966241306729 0.0012587981840414058 0.0013407703185706141 0.0014476488978247112 
7.41867554137759e-05 0.0019985954589871696 0.006969766516143846 0.005071548081417065 0.0028406519314327235 0.001769026431796381 0.001372398794531691 0.0012854366062344277 0.001333630130476552 0.001439757166453366 0.0015704462156894252 0.0017114620478348617 
8.83582878384284e-05 0.0018595545768504854 0.006672860865093526 0.0034642049935120923 0.0018371162279584468 0.0013477958068699096 0.0012854366062344277 0.0013758032390763942 0.0015209547043005622 0.0016859699465940306 0.0018582834785364562 0.002033317919046551 
0.00010206346532382029 0.0018785589865327893 0.00730149522515058 0.0030321746863586174 0.0014911131984470074 0.0012353966241306729 0.001333630130476552 0.0015209547043005622 0.0017268741284808616 0.0019345486909425856 0.00214102695229647 0.00234639733331613 
0.00011510603780827049 0.001990540615713879 0.008152134949082313 0.003051918204027004 0.0014251264097411083 0.0012587981840414058 0.001439757166453366 0.0016859699465940306 0.0019345486909425856 0.0021761236081452758 0.002412219199183827 0.002645225950644082 
0.0001277225138254296 0.0021503806207701093 0.009039446585854741 0.003245455478297439 0.0014768866215485452 0.0013407703185706141 0.0015704462156894252 0.0018582834785364562 0.00214102695229647 0.002412219199183827 0.0026755779488623903 0.002934723297640258 
0.00014011430109286133 0.0023331801250265688 0.00992309896706397 0.0035059320831717475 0.001577690546060361 0.0014476488978247112 0.0017114620478348617 0.002033317919046551 0.00234639733331613 0.002645225950644082 0.002934723297640258 0.003219266106698901 
