5.6969258912944384e-06 -4.0043843143086025e-05 0.0006262083172652352 0.00032153686928522923 0.0001263786071662967 7.759830148995483e-05 7.466329388825047e-05 8.378976809580142e-05 9.550496336410364e-05 0.00010746406971688273 0.00011923934492817618 0.0001308409809639182 
-4.0043843143086025e-05 0.023480967137697997 0.007080372238479917 0.0032373170916539964 0.004047885084344372 0.0024377148155484266 0.0010195633524388373 0.00015245664375871222 -0.0003310161316766669 -0.0006038163564547403 -0.0007721009549841278 -0.0008914035639916231 
0.0006262083172652352 0.007080372238479917 0.1916449538415056 0.09948460202415833 0.03694167927029383 0.01638259543731033 0.010836013412570126 0.010075480291764078 0.010776498758078231 0.011899458269461394 0.013132790250720474 0.014389303329647666 
0.00032153686928522923 0.0032373170916539964 0.09948460202415833 0.06569315316416606 0.0287495571109276 0.013403271590459585 0.007909483617603802 0.006230926392582542 0.005997531145196188 0.00630980819288616 0.006828030282027122 0.007423977755673747 
0.0001263786071662967 0.004047885084344372 0.03694167927029383 0.0287495571109276 0.014111811824743633 0.006902443042157998 0.00393364063782445 0.002838502231269366 0.0025339402000729965 0.002557991727226048 0.0027174456482395924 0.002932322141960759 
7.759830148995483e-05 0.0024377148155484266 0.01638259543731033 0.013403271590459585 0.006902443042157998 0.0035572941558412925 0.002155255565235839 0.001643838041850244 0.0015182093341637038 0.001556334823248495 0.0016631193963277501 0.001798426892579276 
7.466329388825047e-05 0.0010195633524388373 0.010836013412570126 0.007909483617603802 0.00393364063782445 0.002155255565235839 0.0015083409560487009 0.0013357445074028155 0.0013556557479025286 0.001453108945429384 0.0015816892750063396 0.001722734015872316 
8.378976809580142e-05 0.00015245664375871222 0.010075480291764078 0.006230926392582542 0.002838502231269366 0.001643838041850244 0.0013357445074028155 0.0013400902617513664 0.0014521967598844767 0.0016011258940886457 0.0017625194518941442 0.0019280834294861367 
9.550496336410364e-05 -0.0003310161316766669 0.010776498758078231 0.005997531145196188 0.0025339402000729965 0.0015182093341637038 0.0013556557479025286 0.0014521967598844767 0.0016221621790843419 0.001810724501002031 0.002002884264424794 0.00219511300231703 
0.00010746406971688273 -0.0006038163564547403 0.011899458269461394 0.00630980819288616 0.002557991727226048 0.001556334823248495 0.001453108945429384 0.0016011258940886457 0.001810724501002031 0.0020311479263243597 0.0022509886403741307 0.002468847454197975 
0.00011923934492817618 -0.0007721009549841278 0.013132790250720474 0.006828030282027122 0.0027174456482395924 0.0016631193963277501 0.0015816892750063396 0.0017625194518941442 0.002002884264424794 0.0022509886403741307 0.0024964732670335887 0.0027388763336676594 
0.0001308409809639182 -0.0008914035639916231 0.014389303329647666 0.007423977755673747 0.002932322141960759 0.001798426892579276 0.001722734015872316 0.0019280834294861367 0.00219511300231703 0.002468847454197975 0.0027388763336676594 0.003005150533047439 
