4.920124527665745e-06 -5.343190954126351e-07 0.00033021159256826357 0.0001388890664467732 5.7437233181615665e-05 4.9313577861357025e-05 5.858528143584587e-05 7.045130536414309e-05 8.188376871207798e-05 9.263362287521615e-05 0.00010293274285741977 0.00011298956067890242 
-5.343190954126351e-07 0.016336142717902045 0.008954558585114855 -0.0012157058609256269 -6.119540626313587e-06 0.0002979289907982926 0.00022394390428425663 0.0001216660512597206 5.5393011312371846e-05 1.9860479207389857e-05 2.183150781156606e-06 -6.47295721755861e-06 
0.00033021159256826357 0.008954558585114855 0.16025979476207214 0.06735006954977317 0.01965421855599339 0.006847202491395023 0.004379279678124427 0.004569420723418162 0.0053140315183964485 0.00610332356139294 0.006848518547489244 0.007554409730764018 
0.0001388890664467732 -0.0012157058609256269 0.06735006954977317 0.04437799686710961 0.018490658603310263 0.00794572336747718 0.004178620047445288 0.0029621787875741133 0.002687550430395302 0.00276054847336153 0.0029621715147099136 0.0032115319703489658 
5.7437233181615665e-05 -6.119540626313587e-06 0.01965421855599339 0.018490658603310263 0.00932264608457849 0.004462181142028866 0.0023675439153839238 0.0015390660165632759 0.0012572555915897304 0.0012069345452442556 0.0012535297838041208 0.0013403552154278662 
4.9313577861357025e-05 0.0002979289907982926 0.006847202491395023 0.00794572336747718 0.004462181142028866 0.0023802375045591504 0.001447389096816738 0.0010862247399940892 0.0009851509091961907 0.0009984902636106395 0.0010611491633247133 0.0011447572279167585 
5.858528143584587e-05 0.00022394390428425663 0.004379279678124427 0.004178620047445288 0.0023675439153839238 0.001447389096816738 0.0011023024374713316 0.0010215338952044442 0.0010552522913214203 0.001137587448835864 0.0012403284683450376 0.0013515596164386055 
7.045130536414309e-05 0.0001216660512597206 0.004569420723418162 0.0029621787875741133 0.0015390660165632759 0.0010862247399940892 0.0010215338952044442 0.0010923744297849666 0.0012095746260519496 0.001342516146286359 0.0014807674604519832 0.0016207962393808455 
8.188376871207798e-05 5.5393011312371846e-05 0.0053140315183964485 0.002687550430395302 0.0012572555915897304 0.0009851509091961907 0.0010552522913214203 0.0012095746260519496 0.001379324608669646 0.0015488927981877607 0.0017161687802748362 0.0018817528976398717 
9.263362287521615e-05 1.9860479207389857e-05 0.00610332356139294 0.00276054847336153 0.0012069345452442556 0.0009984902636106395 0.001137587448835864 0.001342516146286359 0.0015488927981877607 0.0017472239522257225 0.0019393266355439299 0.0021278874618651453 
0.00010293274285741977 2.183150781156606e-06 0.006848518547489244 0.0029621715147099136 0.0012535297838041208 0.0010611491633247133 0.0012403284683450376 0.0014807674604519832 0.0017161687802748362 0.0019393266355439299 0.0021540177288606314 0.002364076619615285 
0.00011298956067890242 -6.47295721755861e-06 0.007554409730764018 0.0032115319703489658 0.0013403552154278662 0.0011447572279167585 0.0013515596164386055 0.0016207962393808455 0.0018817528976398717 0.0021278874618651453 0.002364076619615285 0.0025948860403398003 
