6.173590750568924e-06 8.47475175332005e-06 0.0004981359761682514 0.00028918909520013713 0.00013790232652675932 9.35085712854331e-05 8.789585048075686e-05 9.476005911104392e-05 0.00010550418164737673 0.00011741364154394036 0.00012965559110464595 0.00014198453215285504 
8.47475175332005e-06 0.018849464260657398 0.007874976020413527 0.003465710947539403 0.003696976202311621 0.0023742309189417835 0.0013083603907179616 0.0007051622368641578 0.00040944939784913383 0.0002789411526654855 0.00022916206254672457 0.0002167516733592091 
0.0004981359761682514 0.007874976020413527 0.1326040593019558 0.06610506025316987 0.0244168730389405 0.01129230826964883 0.008026708881058026 0.007817147579128856 0.008508430855238558 0.009445813566455267 0.010440985401817066 0.011444802168337934 
0.00028918909520013713 0.003465710947539403 0.06610506025316987 0.04891333533763923 0.023243442299948253 0.01158164855284143 0.007130070949781402 0.005684760754778861 0.005453259035973313 0.005708357513068495 0.006157936716337764 0.0066850800048282736 
0.00013790232652675932 0.003696976202311621 0.0244168730389405 0.023243442299948253 0.012646733239380608 0.006666232144734771 0.004033186520767869 0.0030254185460371133 0.00274780118332157 0.0027885801168852 0.002965707214346961 0.003200453364943229 
9.35085712854331e-05 0.0023742309189417835 0.01129230826964883 0.01158164855284143 0.006666232144734771 0.0037245304321996326 0.0024098482109330406 0.0019198398826571568 0.0018102018107967663 0.0018696126456027406 0.0020024865831574827 0.002166774539104062 
8.789585048075686e-05 0.0013083603907179616 0.008026708881058026 0.007130070949781402 0.004033186520767869 0.0024098482109330406 0.0017651892409141926 0.0015830019511152273 0.0016054957096735567 0.0017164346769987485 0.0018650444445244318 0.002029528098908552 
9.476005911104392e-05 0.0007051622368641578 0.007817147579128856 0.005684760754778861 0.0030254185460371133 0.0019198398826571568 0.0015830019511152273 0.001561879427784306 0.0016671856273011508 0.001823000748578099 0.0019990146190160285 0.0021831167462235306 
0.00010550418164737673 0.00040944939784913383 0.008508430855238558 0.005453259035973313 0.00274780118332157 0.0018102018107967663 0.0016054957096735567 0.0016671856273011508 0.001824376518251278 0.0020158759977547415 0.002219763919573851 0.002428153423409114 
0.00011741364154394036 0.0002789411526654855 0.009445813566455267 0.005708357513068495 0.0027885801168852 0.0018696126456027406 0.0017164346769987485 0.001823000748578099 0.0020158759977547415 0.002237137127810244 0.0024676365419706524 0.002701105796803491 
0.00012965559110464595 0.00022916206254672457 0.010440985401817066 0.006157936716337764 0.002965707214346961 0.0020024865831574827 0.0018650444445244318 0.0019990146190160285 0.002219763919573851 0.0024676365419706524 0.002723738266614163 0.0029822311068458877 
0.00014198453215285504 0.0002167516733592091 0.011444802168337934 0.0066850800048282736 0.003200453364943229 0.002166774539104062 0.002029528098908552 0.0021831167462235306 0.002428153423409114 0.002701105796803491 0.0029822311068458877 0.0032655958727179964 
