0.09973058484585959 -0.012805803032513505 0.0041589313597489765 -0.007924561512642895 -0.010502982870773083 0.010180847036812492 0.051808655006809055 0.08191720459738985 0.09404736730798063 0.09797735924442952 0.09918767336220266 0.0995602993369248 
-0.012805803032513505 0.08830042269513336 0.00825926996483988 0.004764916106516088 0.004302944565911958 0.0003636597883032431 -0.006264038897226325 -0.010585577075137891 -0.012166908470965918 -0.012629644292236739 -0.012757375086858898 -0.01279238276640488 
0.0041589313597489765 0.00825926996483988 0.05819261980908898 0.018637868296098124 -0.007568841180298621 -0.020950923801180667 -0.015918836533604642 -0.0053402947060824215 0.0005807289694653708 0.0029102269407759265 0.0037332311948941686 0.004014637693637452 
-0.007924561512642895 0.004764916106516088 0.018637868296098124 0.018914953046909693 0.015443385296625419 0.0077255299513710575 -0.001364122180709022 -0.006165334869289666 -0.0075786875362011145 -0.007883192310010658 -0.007931481751791867 -0.007932729367924456 
-0.010502982870773083 0.004302944565911958 -0.007568841180298621 0.015443385296625419 0.027012540136436485 0.0256501229568312 0.010935616701109983 -0.0019989613151254327 -0.007675240499873095 -0.00960804563010497 -0.010221796650540462 -0.010414208693906383 
0.010180847036812492 0.0003636597883032431 -0.020950923801180667 0.0077255299513710575 0.0256501229568312 0.03314660694113759 0.026831954727286247 0.01767968102795088 0.012916519157666142 0.011112947450874851 0.010492472020854328 0.010284714451848613 
0.051808655006809055 -0.006264038897226325 -0.015918836533604642 -0.001364122180709022 0.010935616701109983 0.026831954727286247 0.042064365591417206 0.049329739173304396 0.05133298875702486 0.05174707178159328 0.05181292132348892 0.051816524822857805 
0.08191720459738985 -0.010585577075137891 -0.0053402947060824215 -0.006165334869289666 -0.0019989613151254327 0.01767968102795088 0.049329739173304396 0.07038672858387564 0.07840412845134802 0.08087948719805767 0.08160881818692994 0.08182419706202876 
0.09404736730798063 -0.012166908470965918 0.0005807289694653708 -0.0075786875362011145 -0.007675240499873095 0.012916519157666142 0.05133298875702486 0.07840412845134802 0.08912464284852897 0.09254807951106041 0.09358863740527713 0.09390510557745393 
0.09797735924442952 -0.012629644292236739 0.0029102269407759265 -0.007883192310010658 -0.00960804563010497 0.011112947450874851 0.05174707178159328 0.08087948719805767 0.09254807951106041 0.09630987557300973 0.09746315606198531 0.09781671728467976 
0.09918767336220266 -0.012757375086858898 0.0037332311948941686 -0.007931481751791867 -0.010221796650540462 0.010492472020854328 0.05181292132348892 0.08160881818692994 0.09358863740527713 0.09746315606198531 0.09865446032661652 0.09902067229656983 
0.0995602993369248 -0.01279238276640488 0.004014637693637452 -0.007932729367924456 -0.010414208693906383 0.010284714451848613 0.051816524822857805 0.08182419706202876 0.09390510557745393 0.09781671728467976 0.09902067229656983 0.09939113441655531 
