0.12461629237135965 -0.003147814874726796 0.013492092936714026 -0.020167067291839508 -0.02545409770449043 0.005387555252667354 0.06344191293404652 0.10309506406713738 0.11817365468507827 0.12276196898176701 0.12408249920431573 0.12446098492948915 
-0.003147814874726796 0.13645965754031958 0.0014783221843818048 0.0020170388056864282 0.004752570316429346 0.003991157625125878 0.0005308320960573367 -0.001953522177201538 -0.0028452130027330357 -0.0030829431672738127 -0.0031373090718664984 -0.0031476453934399296 
0.013492092936714026 0.0014783221843818048 0.05196257294001684 0.016411385861404296 -0.004913566581407569 -0.013028079561943708 -0.005192270234746005 0.005308962542501675 0.010587345603112067 0.012528878388612255 0.013178699504329042 0.013390463980962736 
-0.020167067291839508 0.0020170388056864282 0.016411385861404296 0.024540976130224986 0.02276940097161598 0.011290889830875565 -0.00546397401636635 -0.015536453318440604 -0.018954772160042776 -0.019871616313088595 -0.0200983623256803 -0.020152088864257185 
-0.02545409770449043 0.004752570316429346 -0.004913566581407569 0.02276940097161598 0.032751491332413576 0.024831754272365166 0.001855654919025973 -0.015432727983590787 -0.022353595585575467 -0.024537709396051047 -0.02518452257821794 -0.025374266419805013 
0.005387555252667354 0.003991157625125878 -0.013028079561943708 0.011290889830875565 0.024831754272365166 0.028263256063976533 0.02030084702668295 0.01163836232546735 0.007540731906263157 0.0060852715284869735 0.005610255786633421 0.005458564965758727 
0.06344191293404652 0.0005308320960573367 -0.005192270234746005 -0.00546397401636635 0.001855654919025973 0.02030084702668295 0.04391079655039795 0.05743195336451785 0.06189392822868267 0.06306814899377691 0.06335500332456258 0.06342265572254391 
0.10309506406713738 -0.001953522177201538 0.005308962542501675 -0.015536453318440604 -0.015432727983590787 0.01163836232546735 0.05743195336451785 0.08746001678295051 0.09854266394434966 0.10182210376948814 0.1027395458126718 0.10299485186762602 
0.11817365468507827 -0.0028452130027330357 0.010587345603112067 -0.018954772160042776 -0.022353595585575467 0.007540731906263157 0.06189392822868267 0.09854266394434966 0.11234797209744152 0.11651198406326642 0.11769978245941382 0.11803711202196211 
0.12276196898176701 -0.0030829431672738127 0.012528878388612255 -0.019871616313088595 -0.024537709396051047 0.0060852715284869735 0.06306814899377691 0.10182210376948814 0.11651198406326642 0.12096864866055494 0.1222473944450098 0.12261275122795963 
0.12408249920431573 -0.0031373090718664984 0.013178699504329042 -0.0200983623256803 -0.02518452257821794 0.005610255786633421 0.06335500332456258 0.1027395458126718 0.11769978245941382 0.1222473944450098 0.12355483144731795 0.12392915318167524 
0.12446098492948915 -0.0031476453934399296 0.013390463980962736 -0.020152088864257185 -0.025374266419805013 0.005458564965758727 0.06342265572254391 0.10299485186762602 0.11803711202196211 0.12261275122795963 0.12392915318167524 0.12430631148285418 
