0.11441970138784553 -0.02091048042934442 0.02047676375156178 -0.009229439312009502 -0.014822129713296215 0.010933171188831414 0.060756215412702444 0.09525796694821838 0.10856905805562375 0.11269335249426236 0.11390755535442237 0.11426533732306929 
-0.02091048042934442 0.12562946957074372 0.0028279230531203657 0.00359811705153129 0.005475815016763409 0.000665521529208141 -0.009612144548814797 -0.016863359403298805 -0.019676932172493795 -0.020548857105250576 -0.02080444509656442 -0.020879070470425823 
0.02047676375156178 0.0028279230531203657 0.06460605807069353 0.01660264951333396 -0.010781343294670778 -0.019524521536916247 -0.0066221593392569115 0.008807705501448135 0.01636224630089141 0.01911338936854731 0.020031739780174876 0.02033156811185946 
-0.009229439312009502 0.00359811705153129 0.01660264951333396 0.019143849769977052 0.016595484112749307 0.008891696368810154 -0.0011070782667766364 -0.006791033672584683 -0.008630626795264624 -0.009097209728463866 -0.009203737803282836 -0.009225814461570296 
-0.014822129713296215 0.005475815016763409 -0.010781343294670778 0.016595484112749307 0.029701144184889724 0.027530019757393605 0.010070310700464541 -0.005005351323896079 -0.011569510371722089 -0.013794778860051088 -0.014499653200747104 -0.014720361196721246 
0.010933171188831414 0.000665521529208141 -0.019524521536916247 0.008891696368810154 0.027530019757393605 0.03560707915429565 0.028975165199206634 0.01912509783558748 0.013940717898713999 0.011962001977223344 0.011277617744840809 0.011047828884738634 
0.060756215412702444 -0.009612144548814797 -0.0066221593392569115 -0.0011070782667766364 0.010070310700464541 0.028975165199206634 0.04845960022448451 0.05779824110475887 0.06027773512505865 0.060736303855385206 0.06078469894302708 0.06077452048392072 
0.09525796694821838 -0.016863359403298805 0.008807705501448135 -0.006791033672584683 -0.005005351323896079 0.01912509783558748 0.05779824110475887 0.08258770992935735 0.0916021192528067 0.09424093568729687 0.09497400241951322 0.09517746853655483 
0.10856905805562375 -0.019676932172493795 0.01636224630089141 -0.008630626795264624 -0.011569510371722089 0.013940717898713999 0.06027773512505865 0.0916021192528067 0.10347309553571006 0.1070902099138466 0.10813755773806158 0.10844109454663502 
0.11269335249426236 -0.020548857105250576 0.01911338936854731 -0.009097209728463866 -0.013794778860051088 0.011962001977223344 0.060736303855385206 0.09424093568729687 0.1070902099138466 0.11104920348970977 0.11220828536335836 0.11254793802899563 
0.11390755535442237 -0.02080444509656442 0.020031739780174876 -0.009203737803282836 -0.014499653200747104 0.011277617744840809 0.06078469894302708 0.09497400241951322 0.10813755773806158 0.11220828536335836 0.11340441457157055 0.11375619207795483 
0.11426533732306929 -0.020879070470425823 0.02033156811185946 -0.009225814461570296 -0.014720361196721246 0.011047828884738634 0.06077452048392072 0.09517746853655483 0.10844109454663502 0.11254793802899563 0.11375619207795483 0.1141119803656206 
