0.09002420685239951 -0.003283484463024522 0.021282933235081767 -0.005210460004493173 -0.011463866614771003 0.0075249232225793015 0.046750979648403336 0.07446467777084999 0.08526412301269483 0.0886242054806026 0.08961237412356032 0.08990174164731604 
-0.003283484463024522 0.11068596065583425 0.001723597376259235 -0.0029525615257421506 -0.0021260857633514287 -0.0015741842820610745 -0.001978401400769449 -0.0026616007170782814 -0.0030457682013115763 -0.003199796995630635 -0.0032549716980973605 -0.0032739135822630254 
0.021282933235081767 0.001723597376259235 0.06517201228951985 0.014806299650121776 -0.011508166863409703 -0.018699720315961423 -0.005053080951137457 0.010193515522886379 0.017450150060451544 0.020036274508866615 0.020883047734580707 0.021154587585599384 
-0.005210460004493173 -0.0029525615257421506 0.014806299650121776 0.019549942904820206 0.01763885050556247 0.010941935080429968 0.0021252928942215874 -0.0029518852879807434 -0.0046296656647641125 -0.005070862205709839 -0.005178301764223234 -0.005203466014448347 
-0.011463866614771003 -0.0021260857633514287 -0.011508166863409703 0.01763885050556247 0.030211905239024717 0.028049401295739813 0.011657997471725948 -0.002379541392815984 -0.008461793403709205 -0.010516779603099565 -0.011166452524963918 -0.011369799064156461 
0.0075249232225793015 -0.0015741842820610745 -0.018699720315961423 0.010941935080429968 0.028049401295739813 0.03387142407012233 0.025677659018470706 0.015497971295306296 0.01039307050255087 0.008493912872007764 0.007847115412879566 0.007631899287835225 
0.046750979648403336 -0.001978401400769449 -0.005053080951137457 0.0021252928942215874 0.011657997471725948 0.025677659018470706 0.039151904624256925 0.045200373771161234 0.04663374104536412 0.04682235197741205 0.04680363981020658 0.04677622865908027 
0.07446467777084999 -0.0026616007170782814 0.010193515522886379 -0.0029518852879807434 -0.002379541392815984 0.015497971295306296 0.045200373771161234 0.0645237478253814 0.07160195515139699 0.07367624380723595 0.0742489067437945 0.07440544420142414 
0.08526412301269483 -0.0030457682013115763 0.017450150060451544 -0.0046296656647641125 -0.008461793403709205 0.01039307050255087 0.04663374104536412 0.07160195515139699 0.08115540413165685 0.08407718561372937 0.08492150735728347 0.0851642495778595 
0.0886242054806026 -0.003199796995630635 0.020036274508866615 -0.005070862205709839 -0.010516779603099565 0.008493912872007764 0.04682235197741205 0.07367624380723595 0.08407718561372937 0.08729481158967684 0.08823557886800788 0.08850939388020192 
0.08961237412356032 -0.0032549716980973605 0.020883047734580707 -0.005178301764223234 -0.011166452524963918 0.007847115412879566 0.04680363981020658 0.0742489067437945 0.08492150735728347 0.08823557886800788 0.08920824743776197 0.08949247393709639 
0.08990174164731604 -0.0032739135822630254 0.021154587585599384 -0.005203466014448347 -0.011369799064156461 0.007631899287835225 0.04677622865908027 0.07440544420142414 0.0851642495778595 0.08850939388020192 0.08949247393709639 0.08978013724935685 
