0.1158159066824543 -0.007918577091733416 0.008206047912111917 -0.014033726498787423 -0.017175445325688692 0.00973170505180551 0.06067011189632634 0.09603562426595012 0.10974953467828145 0.11402035751849171 0.11528273393456075 0.11565548745188607 
-0.007918577091733416 0.158739963980273 0.002908246245398501 -0.0022073650918884957 6.314084035012408e-05 -0.0001666912746237643 -0.003385654735152251 -0.006165039508008074 -0.007353027179120355 -0.007745546998405223 -0.007866171527968256 -0.007902680510589094 
0.008206047912111917 0.002908246245398501 0.05796007812179709 0.013064558858585222 -0.012892531415263 -0.02234686698008048 -0.012968816781545524 -0.0008599245152210573 0.005067915395128572 0.00719211713268266 0.007884550795771638 0.00810436212763696 
-0.014033726498787423 -0.0022073650918884957 0.013064558858585222 0.017708469936803715 0.016537570043557357 0.008913094030692403 -0.0028131597411363714 -0.010247155804746865 -0.012939829942227421 -0.013728030458563072 -0.013947721433588297 -0.014009094847039036 
-0.017175445325688692 6.314084035012408e-05 -0.012892531415263 0.016537570043557357 0.030227937387132718 0.027475576484622417 0.008755628386322807 -0.007079479529678878 -0.013872006134598328 -0.01614391395057957 -0.016854825696337637 -0.017075063375083837 
0.00973170505180551 -0.0001666912746237643 -0.02234686698008048 0.008913094030692403 0.027475576484622417 0.03433178808665531 0.026911959680898528 0.017245833124985302 0.012404706543875571 0.010622065387712147 0.010023234006052064 0.009826986990169543 
0.06067011189632634 -0.003385654735152251 -0.012968816781545524 -0.0028131597411363714 0.008755628386322807 0.026911959680898528 0.04646177355620814 0.05663772850286678 0.05973234884901761 0.06047505816943607 0.06063523764830072 0.060666150836973985 
0.09603562426595012 -0.006165039508008074 -0.0008599245152210573 -0.010247155804746865 -0.007079479529678878 0.017245833124985302 0.05663772850286678 0.08241493645071593 0.09200537959300951 0.0948841496937185 0.09570546356343299 0.09593966551272111 
0.10974953467828145 -0.007353027179120355 0.005067915395128572 -0.012939829942227421 -0.013872006134598328 0.012404706543875571 0.05973234884901761 0.09200537959300951 0.1043653313973944 0.10817242141474118 0.1092859815051398 0.10961144484474677 
0.11402035751849171 -0.007745546998405223 0.00719211713268266 -0.013728030458563072 -0.01614391395057957 0.010622065387712147 0.06047505816943607 0.0948841496937185 0.10817242141474118 0.11229553200508388 0.11350995317561799 0.1138673075057069 
0.11528273393456075 -0.007866171527968256 0.007884550795771638 -0.013947721433588297 -0.016854825696337637 0.010023234006052064 0.06063523764830072 0.09570546356343299 0.1092859815051398 0.11350995317561799 0.11475695793907925 0.11512472839672791 
0.11565548745188607 -0.007902680510589094 0.00810436212763696 -0.014009094847039036 -0.017075063375083837 0.009826986990169543 0.060666150836973985 0.09593966551272111 0.10961144484474677 0.1138673075057069 0.11512472839672791 0.11549586166677257 
