0.11781943512477866 -0.004790683581393846 0.0038258007062979818 -0.012963615820922229 -0.01429979821054276 0.012588154415168779 0.06276243930574905 0.09783333135462942 0.11159338210130731 0.11594329795798258 0.11725154377515651 0.11764517746883278 
-0.004790683581393846 0.11866118808567071 0.008136611031069815 -0.00028666410278351516 -0.001233718475430152 -0.002479823671539906 -0.0039728975130628825 -0.004685762822525539 -0.004832639255981819 -0.004829916229167328 -0.004811714153773128 -0.004800240596384478 
0.0038258007062979818 0.008136611031069815 0.056451335683569366 0.0154223725995145 -0.010015298510997186 -0.02165686573429075 -0.015486920974763363 -0.004968695080880369 0.0006192617162304617 0.002739481885920094 0.003465611521033241 0.003706904314760777 
-0.012963615820922229 -0.00028666410278351516 0.0154223725995145 0.017935790195856862 0.015818344682509193 0.008047697478054812 -0.0029899861558867727 -0.0097176151964357 -0.012068566685344336 -0.012728182074073955 -0.012902363683072194 -0.012947744947967882 
-0.01429979821054276 -0.001233718475430152 -0.010015298510997186 0.015818344682509193 0.028635901236433805 0.02686476945615389 0.010075627179993569 -0.004619656284792225 -0.01107035212903076 -0.013272436358494746 -0.013974799109650198 -0.014196343270323538 
0.012588154415168779 -0.002479823671539906 -0.02165686573429075 0.008047697478054812 0.02686476945615389 0.03513861159311015 0.02924271833285877 0.020153373383546693 0.01536142906445003 0.013535917911681723 0.012905633396698105 0.012694099057668221 
0.06276243930574905 -0.0039728975130628825 -0.015486920974763363 -0.0029899861558867727 0.010075627179993569 0.02924271833285877 0.04902635692225847 0.059006546346682696 0.06194028840074523 0.06261088780919387 0.06274346189895351 0.06276426558142056 
0.09783333135462942 -0.004685762822525539 -0.004968695080880369 -0.0097176151964357 -0.004619656284792225 0.020153373383546693 0.059006546346682696 0.084341621510531 0.09380470311601939 0.0966685129720059 0.09749473123639467 0.09773346744059139 
0.11159338210130731 -0.004832639255981819 0.0006192617162304617 -0.012068566685344336 -0.01107035212903076 0.01536142906445003 0.06194028840074523 0.09380470311601939 0.10612130886514837 0.1099643430335607 0.11110602302133422 0.1114455121282793 
0.11594329795798258 -0.004829916229167328 0.002739481885920094 -0.012728182074073955 -0.013272436358494746 0.013535917911681723 0.06261088780919387 0.0966685129720059 0.1099643430335607 0.11414902800811064 0.11540234846973091 0.1157779454436084 
0.11725154377515651 -0.004811714153773128 0.003465611521033241 -0.012902363683072194 -0.013974799109650198 0.012905633396698105 0.06274346189895351 0.09749473123639467 0.11110602302133422 0.11540234846973091 0.11669259589179677 0.11708026529100306 
0.11764517746883278 -0.004800240596384478 0.003706904314760777 -0.012947744947967882 -0.014196343270323538 0.012694099057668221 0.06276426558142056 0.09773346744059139 0.1114455121282793 0.1157779454436084 0.11708026529100306 0.11747191917329768 
