0.11143101764776035 -0.013165428456080788 0.004973466289905028 -0.0078614188745771 -0.007965503663179788 0.01727842999264919 0.06280800540709444 0.09406894433805289 0.10612846015525951 0.10986934682391393 0.11097035127941937 0.1112936363672431 
-0.013165428456080788 0.11393813752890682 0.0053409769473738615 0.0028474210794484007 0.004025196291495206 0.0008610965629454605 -0.005989700515791779 -0.010720206140567604 -0.01247718668832168 -0.012985344018961169 -0.013120224975570513 -0.013154595107784198 
0.004973466289905028 0.0053409769473738615 0.05572292778242186 0.014084526948139277 -0.01056660603003383 -0.02079268995131551 -0.013739689548439243 -0.0032764154008122354 0.002052084510058509 0.004011186692205014 0.004663194110757297 0.004873905301460708 
-0.0078614188745771 0.0028474210794484007 0.014084526948139277 0.019358005108455166 0.018893130190112985 0.012332568004690814 0.0019391796963259139 -0.004624537197996633 -0.00696051168521554 -0.007623177377538941 -0.0077992976293730365 -0.007845325631606656 
-0.007965503663179788 0.004025196291495206 -0.01056660603003383 0.018893130190112985 0.03289781960818229 0.031557943422381246 0.015225768474337332 0.0010787846309809558 -0.005018768923059372 -0.0070535484785005 -0.007685697057151588 -0.007879335030468101 
0.01727842999264919 0.0008610965629454605 -0.02079268995131551 0.012332568004690814 0.031557943422381246 0.039247765721781666 0.03300785618020302 0.024196656244560206 0.01973247783079156 0.01808948347613195 0.017540984746405426 0.01736303000060453 
0.06280800540709444 -0.005989700515791779 -0.013739689548439243 0.0019391796963259139 0.015225768474337332 0.03300785618020302 0.050709545490255796 0.05950480359789196 0.06207572870592945 0.06266632634108041 0.0627863049292656 0.06280709677048779 
0.09406894433805289 -0.010720206140567604 -0.0032764154008122354 -0.004624537197996633 0.0010787846309809558 0.024196656244560206 0.05950480359789196 0.08221035195202003 0.09058209953447281 0.0930789125894438 0.09378710532678006 0.0939877616084964 
0.10612846015525951 -0.01247718668832168 0.002052084510058509 -0.00696051168521554 -0.005018768923059372 0.01973247783079156 0.06207572870592945 0.09058209953447281 0.10143275261971432 0.10476005934940524 0.10572888367220218 0.10601045660924516 
0.10986934682391393 -0.012985344018961169 0.004011186692205014 -0.007623177377538941 -0.0070535484785005 0.01808948347613195 0.06266632634108041 0.0930789125894438 0.10476005934940524 0.10836986102996948 0.10942851625505855 0.1097383089945315 
0.11097035127941937 -0.013120224975570513 0.004663194110757297 -0.0077992976293730365 -0.007685697057151588 0.017540984746405426 0.0627863049292656 0.09378710532678006 0.10572888367220218 0.10942851625505855 0.1105160635143796 0.11083502460191538 
0.1112936363672431 -0.013154595107784198 0.004873905301460708 -0.007845325631606656 -0.007879335030468101 0.01736303000060453 0.06280709677048779 0.0939877616084964 0.10601045660924516 0.1097383089945315 0.11083502460191538 0.1111569211291689 
