2.0478816785428737 -0.5344930231874961 0.003830585380229452 0.01139623780895869 -0.03829124682097383 -0.06563476015704431 -0.042343335203006906 0.08080961245574449 0.3677143653548764 0.8197596745284629 1.301635354683602 1.6593593734588026 
-0.5344930231874961 0.9774589774941641 0.07296712726645087 -0.013563803078883389 -0.007476672636381172 0.006889007185363148 0.01073908293499293 -0.011658720319862476 -0.0794418448880906 -0.19562248847395186 -0.3248270683844434 -0.42349049859588045 
0.003830585380229452 0.07296712726645087 0.016870730486681848 0.004066853578700822 0.000658218722686618 -0.0006606908687280065 -0.0014279962994337841 -0.0018133151317314248 -0.0015886385276909498 -0.0005843505568002657 0.0008591174798753811 0.0021245462426538056 
0.01139623780895869 -0.013563803078883389 0.004066853578700822 0.004603621979018971 0.0027782763401695007 0.0010378720787040576 -0.00030391448813902374 -0.000902307377840313 -0.00016705837855372936 0.0021916678060878735 0.005357864218543751 0.008028364003108534 
-0.03829124682097383 -0.007476672636381172 0.000658218722686618 0.0027782763401695007 0.003254556257859649 0.0029424952151470133 0.001654944620438134 -0.0014535274085837355 -0.007453930945776815 -0.016199788647130373 -0.0251344726062554 -0.03157484103579125 
-0.06563476015704431 0.006889007185363148 -0.0006606908687280065 0.0010378720787040576 0.0029424952151470133 0.003786375887073572 0.0029095134506734676 -0.001244086239528378 -0.010736290459551486 -0.025580789972228495 -0.04134123779706352 -0.05300834971538501 
-0.042343335203006906 0.01073908293499293 -0.0014279962994337841 -0.00030391448813902374 0.001654944620438134 0.0029095134506734676 0.002982389113823347 0.0008156622839175305 -0.005061559958644322 -0.014792062199035207 -0.025422472773719892 -0.033441722782201616 
0.08080961245574449 -0.011658720319862476 -0.0018133151317314248 -0.000902307377840313 -0.0014535274085837355 -0.001244086239528378 0.0008156622839175305 0.0065713881214479455 0.018275611801634836 0.03573633396372102 0.05380532747045001 0.06694630392268669 
0.3677143653548764 -0.0794418448880906 -0.0015886385276909498 -0.00016705837855372936 -0.007453930945776815 -0.010736290459551486 -0.005061559958644322 0.018275611801634836 0.07040749766958744 0.1512491256269404 0.23669987363796785 0.29976825377019706 
0.8197596745284629 -0.19562248847395186 -0.0005843505568002657 0.0021916678060878735 -0.016199788647130373 -0.025580789972228495 -0.014792062199035207 0.03573633396372102 0.1512491256269404 0.3319641682785361 0.523880002489806 0.665981628771431 
1.301635354683602 -0.3248270683844434 0.0008591174798753811 0.005357864218543751 -0.0251344726062554 -0.04134123779706352 -0.025422472773719892 0.05380532747045001 0.23669987363796785 0.523880002489806 0.8294514990080718 1.0560085424551162 
1.6593593734588026 -0.42349049859588045 0.0021245462426538056 0.008028364003108534 -0.03157484103579125 -0.05300834971538501 -0.033441722782201616 0.06694630392268669 0.29976825377019706 0.665981628771431 1.0560085424551162 1.3453666402585798 
