2.3590206189618823 -0.6021249492254517 0.019903748010774464 0.027163811914284873 -0.03762788757832342 -0.07555775247382096 -0.05403088777138096 0.0838491806911517 0.41252453596369126 0.9343548762874109 1.492683342899162 1.9081521507680994 
-0.6021249492254517 1.0885265816334373 0.049883893570834746 -0.03345549337540641 -0.01639197914953599 0.008027690845597504 0.019860508382284734 0.0010887988373610921 -0.07152760878192106 -0.20332650559288531 -0.3538667737110034 -0.47086011055081683 
0.019903748010774464 0.049883893570834746 0.016227433256870382 0.00457028303742896 0.000732251179225855 -0.000985192988662806 -0.001777149512834185 -0.0013917521597544024 0.0009420714780762662 0.005454681134137155 0.010744209945380027 0.014920590511791764 
0.027163811914284873 -0.03345549337540641 0.00457028303742896 0.005917603648699556 0.0031492368407685157 0.0005956052386648374 -0.0011242490017761288 -0.0012421513628271355 0.001432898999710255 0.007318112704304775 0.014506334682751426 0.020297142063182887 
-0.03762788757832342 -0.01639197914953599 0.000732251179225855 0.0031492368407685157 0.0035309147874396153 0.00307303044095018 0.0016287798532768985 -0.0016127030181391148 -0.007659207833639257 -0.016303166114379694 -0.025018376375286405 -0.031232864869717266 
-0.07555775247382096 0.008027690845597504 -0.000985192988662806 0.0005956052386648374 0.00307303044095018 0.004329816872840221 0.0035469335695092804 -0.0010807848900824045 -0.011954272917851509 -0.02910255101780417 -0.04737206512218819 -0.060920498740716665 
-0.05403088777138096 0.019860508382284734 -0.001777149512834185 -0.0011242490017761288 0.0016287798532768985 0.0035469335695092804 0.003918959326003835 0.0013692605984147793 -0.006020446915080193 -0.018467224925218288 -0.032165790184345885 -0.042544183325760085 
0.0838491806911517 0.0010887988373610921 -0.0013917521597544024 -0.0012421513628271355 -0.0016127030181391148 -0.0010807848900824045 0.0013692605984147793 0.007604606598058792 0.019883397981523228 0.03793035947546508 0.05644382178251354 0.06982258782101884 
0.41252453596369126 -0.07152760878192106 0.0009420714780762662 0.001432898999710255 -0.007659207833639257 -0.011954272917851509 -0.006020446915080193 0.019883397981523228 0.07828102472634631 0.16909411391076887 0.26519783195417196 0.3361739375683157 
0.9343548762874109 -0.20332650559288531 0.005454681134137155 0.007318112704304775 -0.016303166114379694 -0.02910255101780417 -0.018467224925218288 0.03793035947546508 0.16909411391076887 0.37546082369984674 0.5952035453537168 0.7581797621971523 
1.492683342899162 -0.3538667737110034 0.010744209945380027 0.014506334682751426 -0.025018376375286405 -0.04737206512218819 -0.032165790184345885 0.05644382178251354 0.26519783195417196 0.5952035453537168 0.9474808319325975 1.2092039864496602 
1.9081521507680994 -0.47086011055081683 0.014920590511791764 0.020297142063182887 -0.031232864869717266 -0.060920498740716665 -0.042544183325760085 0.06982258782101884 0.3361739375683157 0.7581797621971523 1.2092039864496602 1.5445673632293058 
