2.8717341091479955 -0.7153422105169992 0.03431488034803243 0.033149053158868694 -0.04292213330243666 -0.08596131284567428 -0.05751289428912595 0.11134011252328398 0.5107854157771335 1.1437136605343532 1.820484435331994 2.3240075501969035 
-0.7153422105169992 0.9042432676675182 0.04091191945549995 -0.02866734936709659 -0.008125371999234188 0.016437837431954056 0.025150056713096464 -0.002306112555801084 -0.0922658890857893 -0.24959298248973785 -0.4262695301411909 -0.5620816468064836 
0.03431488034803243 0.04091191945549995 0.016637729540615605 0.005323105851531455 0.0012540196309768735 -0.0005516415345590705 -0.0011058417717655512 0.0001648413343583034 0.004437526786706665 0.011934045268334867 0.020365079280105967 0.02685376211129094 
0.033149053158868694 -0.02866734936709659 0.005323105851531455 0.00663107889105804 0.0034708630215499153 0.00062228118349348 -0.0011974058876091781 -0.001080590413220486 0.002358937090471482 0.009548513583212286 0.018166766355192827 0.025030449642693672 
-0.04292213330243666 -0.008125371999234188 0.0012540196309768735 0.0034708630215499153 0.003687028149607188 0.0030778529351206214 0.0014216131676236406 -0.0022211527386700536 -0.009008585447352935 -0.01874000598838669 -0.02858959621504793 -0.03564413691918275 
-0.08596131284567428 0.016437837431954056 -0.0005516415345590705 0.00062228118349348 0.0030778529351206214 0.004310325853021731 0.003319594011380008 -0.00195396163064376 -0.014225372353137807 -0.03354483719466117 -0.054129775543201204 -0.06940725169567118 
-0.05751289428912595 0.025150056713096464 -0.0011058417717655512 -0.0011974058876091781 0.0014216131676236406 0.003319594011380008 0.0036441819377706804 0.0009225574287917598 -0.006872135273358885 -0.01997869574554371 -0.03440420554692139 -0.04534018900960783 
0.11134011252328398 -0.002306112555801084 0.0001648413343583034 -0.001080590413220486 -0.0022211527386700536 -0.00195396163064376 0.0009225574287917598 0.008901012292299072 0.02507570940102165 0.04917574731145691 0.0741005126203647 0.092221152353186 
0.5107854157771335 -0.0922658890857893 0.004437526786706665 0.002358937090471482 -0.009008585447352935 -0.014225372353137807 -0.006872135273358885 0.02507570940102165 0.09714625129449297 0.2093356852433947 0.3281757284308801 0.41602626193766695 
1.1437136605343532 -0.24959298248973785 0.011934045268334867 0.009548513583212286 -0.01874000598838669 -0.03354483719466117 -0.01997869574554371 0.04917574731145691 0.2093356852433947 0.46112812206879356 0.7292450429800724 0.9281561744056622 
1.820484435331994 -0.4262695301411909 0.020365079280105967 0.018166766355192827 -0.02858959621504793 -0.054129775543201204 -0.03440420554692139 0.0741005126203647 0.3281757284308801 0.7292450429800724 1.157235678247273 1.4752222736744287 
2.3240075501969035 -0.5620816468064836 0.02685376211129094 0.025030449642693672 -0.03564413691918275 -0.06940725169567118 -0.04534018900960783 0.092221152353186 0.41602626193766695 0.9281561744056622 1.4752222736744287 1.8819660334476886 
