2.687614053448161 -0.7827854519161369 0.03860961361356713 0.0376371766100786 -0.040674605198117615 -0.08723832646835007 -0.06576111231367321 0.08873328987289508 0.4617826345544968 1.0568705719222837 1.6952152491557975 2.171095589863708 
-0.7827854519161369 1.0507415577911317 0.047384969179379455 -0.02701705780518068 -0.00704794194353394 0.01750216742606604 0.025280390967626045 -0.005942807121284582 -0.1049174951224696 -0.2769986111559682 -0.4699494997352379 -0.6182399616032327 
0.03860961361356713 0.047384969179379455 0.018113888111612502 0.00581015393186117 0.00121396705507589 -0.0008833330310930563 -0.0015468414676048173 -0.0001066149233677444 0.004768066027955884 0.013302441335364266 0.022871323452458833 0.030211376567658408 
0.0376371766100786 -0.02701705780518068 0.00581015393186117 0.005974747357847035 0.00286856830708073 0.0002620872044571476 -0.0012307688468510133 -0.0006205378659236355 0.0035840552963434164 0.011779487285142639 0.021372182878334037 0.028916846197442503 
-0.040674605198117615 -0.00704794194353394 0.00121396705507589 0.00286856830708073 0.003292407547996963 0.0029602625905943932 0.0015914837180054505 -0.0017174463894911738 -0.008090932337674508 -0.017356620204200663 -0.026799897501696777 -0.03359136642698391 
-0.08723832646835007 0.01750216742606604 -0.0008833330310930563 0.0002620872044571476 0.0029602625905943932 0.004401514010445003 0.0035525693030178493 -0.0016834144794508994 -0.014085617830115532 -0.03372457110889528 -0.054706241314556564 -0.07030315365576796 
-0.06576111231367321 0.025280390967626045 -0.0015468414676048173 -0.0012307688468510133 0.0015914837180054505 0.0035525693030178493 0.0037393115477199414 0.0004928488708010245 -0.008462597558816128 -0.02336909662318122 -0.03970157373680739 -0.05204955019275598 
0.08873328987289508 -0.005942807121284582 -0.0001066149233677444 -0.0006205378659236355 -0.0017174463894911738 -0.0016834144794508994 0.0004928488708010245 0.0068098835988781 0.019743583933190936 0.03906061726261091 0.05904381167030533 0.0735639877977042 
0.4617826345544968 -0.1049174951224696 0.004768066027955884 0.0035840552963434164 -0.008090932337674508 -0.014085617830115532 -0.008462597558816128 0.019743583933190936 0.08477548841024654 0.18675055656639739 0.29513736180521416 0.37542232689983807 
1.0568705719222837 -0.2769986111559682 0.013302441335364266 0.011779487285142639 -0.017356620204200663 -0.03372457110889528 -0.02336909662318122 0.03906061726261091 0.18675055656639739 0.4205777033343781 0.6703902355842851 0.8560974487871457 
1.6952152491557975 -0.4699494997352379 0.022871323452458833 0.021372182878334037 -0.026799897501696777 -0.054706241314556564 -0.03970157373680739 0.05904381167030533 0.29513736180521416 0.6703902355842851 1.0721353459063818 1.371222637777107 
2.171095589863708 -0.6182399616032327 0.030211376567658408 0.028916846197442503 -0.03359136642698391 -0.07030315365576796 -0.05204955019275598 0.0735639877977042 0.37542232689983807 0.8560974487871457 1.371222637777107 1.7549872390813246 
