2.2463955349758344 -0.6335919322463055 0.005025950798091193 0.010865986672585157 -0.04342787883231746 -0.07268765963969666 -0.04632294868849669 0.08963312196905082 0.4051107741660244 0.9013500207683337 1.42981486574938 1.821834138386643 
-0.6335919322463055 1.2275052064586367 0.07247580014967077 -0.022478476562487915 -0.008583817289235627 0.014083377800430575 0.023746232478294316 0.0013374323675551557 -0.0771511227586226 -0.21657796250946829 -0.37422555476756597 -0.4958992647344181 
0.005025950798091193 0.07247580014967077 0.015246143778311237 0.003395921551110573 0.0006577377345783757 -6.729383107428812e-05 -0.000259091804903305 -0.00010051487750632075 0.0005286971062484294 0.0016466639410776206 0.0029039369272911156 0.0038686959184328707 
0.010865986672585157 -0.022478476562487915 0.003395921551110573 0.004716610680728543 0.002750762961982685 0.0008145125969541871 -0.0007002142734049528 -0.0014339924146786092 -0.0007812628982787318 0.0015583251477163539 0.00475175749295944 0.007459573614611735 
-0.04342787883231746 -0.008583817289235627 0.0006577377345783757 0.002750762961982685 0.0031793721937847567 0.002789826517157559 0.0013232331978462577 -0.0021767009285047147 -0.008909006665078465 -0.01870739810381158 -0.028710009881753925 -0.03591700690867709 
-0.07268765963969666 0.014083377800430575 -6.729383107428812e-05 0.0008145125969541871 0.002789826517157559 0.003740970469012348 0.002810471834186018 -0.0017417884908483402 -0.0121934058225947 -0.02855650718699193 -0.04593295467985688 -0.05879511677859728 
-0.04632294868849669 0.023746232478294316 -0.000259091804903305 -0.0007002142734049528 0.0013232331978462577 0.002810471834186018 0.0030264330476737888 0.0007745985953705421 -0.005569499218417303 -0.01617252309475133 -0.02779774393414485 -0.03658242088577468 
0.08963312196905082 0.0013374323675551557 -0.00010051487750632075 -0.0014339924146786092 -0.0021767009285047147 -0.0017417884908483402 0.0007745985953705421 0.007361648456459573 0.020481564230301633 0.0398889435823352 0.05988618246780204 0.07439039685271966 
0.4051107741660244 -0.0771511227586226 0.0005286971062484294 -0.0007812628982787318 -0.008909006665078465 -0.0121934058225947 -0.005569499218417303 0.020481564230301633 0.07815716055740392 0.16728698294655178 0.26132751587655884 0.3306512768239983 
0.9013500207683337 -0.21657796250946829 0.0016466639410776206 0.0015583251477163539 -0.01870739810381158 -0.02855650718699193 -0.01617252309475133 0.0398889435823352 0.16728698294655178 0.3661250321674908 0.5770112292883615 0.733015054531944 
1.42981486574938 -0.37422555476756597 0.0029039369272911156 0.00475175749295944 -0.028710009881753925 -0.04593295467985688 -0.02779774393414485 0.05988618246780204 0.26132751587655884 0.5770112292883615 0.912536132708641 1.1610985857054514 
1.821834138386643 -0.4958992647344181 0.0038686959184328707 0.007459573614611735 -0.03591700690867709 -0.05879511677859728 -0.03658242088577468 0.07439039685271966 0.3306512768239983 0.733015054531944 1.1610985857054514 1.4784466197089152 
