0.14900446891945918 0.12852029585215888 -0.6842187135839708 -0.46497695966935865 -0.11139482321090852 0.06422854143287736 0.12341148399729467 0.1413326111133886 0.146681367042337 0.14829205161929532 0.1487834180652383 0.14893517620017993 
0.12852029585215888 0.112246125022567 -0.5864379017832505 -0.39863502069873175 -0.09426667978766473 0.056243072952039 0.10677564962123676 0.12202445699082537 0.12656009734391738 0.1279212578675471 0.12833507529734212 0.12846243980853156 
-0.6842187135839708 -0.5864379017832505 3.308893302435972 2.2526326441939184 0.5603712285142471 -0.2792852383395835 -0.562051948253038 -0.6476224261559869 -0.6731451175221813 -0.6808254603670136 -0.6831667249442177 -0.6838892423969998 
-0.46497695966935865 -0.39863502069873175 2.2526326441939184 1.5389115039889525 0.3852315587643013 -0.18812315849567315 -0.381387718186946 -0.43991903690707024 -0.4573895898644774 -0.4626504824971987 -0.46425525375467785 -0.4647507967775002 
-0.11139482321090852 -0.09426667978766473 0.5603712285142471 0.3852315587643013 0.10025909217519974 -0.04220446499773104 -0.09042870870208213 -0.10508806152087721 -0.10947889496810866 -0.11080550228260969 -0.1112114561290919 -0.11133719467048366 
0.06422854143287736 0.056243072952039 -0.2792852383395835 -0.18812315849567315 -0.04220446499773104 0.029747345865058415 0.0538666021463727 0.06113598371016563 0.06329602221712802 0.06394372387530645 0.06414051070557358 0.06420104962832293 
0.12341148399729467 0.10677564962123676 -0.562051948253038 -0.381387718186946 -0.09042870870208213 0.0538666021463727 0.10243735521614321 0.11713017085135223 0.1215111982835085 0.12282924870869454 0.12323098223248771 0.12335494957269731 
0.1413326111133886 0.12202445699082537 -0.6476224261559869 -0.43991903690707024 -0.10508806152087721 0.06113598371016563 0.11713017085135223 0.13407993466935456 0.1391371309472568 0.14065953715904142 0.14112383017609248 0.14126718373309144 
0.146681367042337 0.12656009734391738 -0.6731451175221813 -0.4573895898644774 -0.10947889496810866 0.06329602221712802 0.1215111982835085 0.1391371309472568 0.14439716914876474 0.14598095801387384 0.1464640657864872 0.14661325698362454 
0.14829205161929532 0.1279212578675471 -0.6808254603670136 -0.4626504824971987 -0.11080550228260969 0.06394372387530645 0.12282924870869454 0.14065953715904142 0.14598095801387384 0.147583345403026 0.14807216096894596 0.14822312528327325 
0.1487834180652383 0.12833507529734212 -0.6831667249442177 -0.46425525375467785 -0.1112114561290919 0.06414051070557358 0.12323098223248771 0.14112383017609248 0.1464640657864872 0.14807216096894596 0.1485627303674698 0.1487142401662724 
0.14893517620017993 0.12846243980853156 -0.6838892423969998 -0.4647507967775002 -0.11133719467048366 0.06420104962832293 0.12335494957269731 0.14126718373309144 0.14661325698362454 0.14822312528327325 0.1487142401662724 0.14886591982769312 
