0.9359090767484461 -0.767613120089391 -0.03215392374782601 0.020662155718870152 -0.012680484234534014 -0.03713098267304602 -0.026262346141796487 0.052133380303941705 0.22454330988624377 0.4592459737591463 0.6691841226641578 0.804226908745089 
-0.767613120089391 1.788775716074437 0.07770816286303883 -0.03522936680654304 -0.009874486953715735 0.02155928747377174 0.027259358645085555 -0.023244622929093458 -0.15645546259285176 -0.34980319885456174 -0.5291546447863089 -0.6476946072727932 
-0.03215392374782601 0.07770816286303883 0.015606413411987903 0.0027270621663296225 0.001208440966047504 0.0011644586487508984 0.00024628616534981437 -0.0028626978121546257 -0.008975210935409865 -0.016909780863958314 -0.023796936921892334 -0.028120582108024907 
0.020662155718870152 -0.03522936680654304 0.0027270621663296225 0.004717037076004027 0.0024678478916412418 0.00038265786120026974 -0.000781726520920567 -0.00019374271986565258 0.0030053825182675066 0.008280942961063454 0.013442189451817707 0.01696165985628957 
-0.012680484234534014 -0.009874486953715735 0.001208440966047504 0.0024678478916412418 0.0024146096300672313 0.0019338212888111057 0.0009632469942797469 -0.0008396070962600764 -0.0036765440785297547 -0.006985076988586812 -0.009674833732320292 -0.01128169560094525 
-0.03713098267304602 0.02155928747377174 0.0011644586487508984 0.00038265786120026974 0.0019338212888111057 0.002875049835507522 0.002319936270458197 -0.0010015466592478636 -0.008138599708916545 -0.017765259031577302 -0.026329679410070302 -0.03181604976652806 
-0.026262346141796487 0.027259358645085555 0.00024628616534981437 -0.000781726520920567 0.0009632469942797469 0.002319936270458197 0.002546944516378775 0.0006558784209591265 -0.004250545152645407 -0.01129368661554581 -0.017770259241589235 -0.022016618202079265 
0.052133380303941705 -0.023244622929093458 -0.0028626978121546257 -0.00019374271986565258 -0.0008396070962600764 -0.0010015466592478636 0.0006558784209591265 0.0057647759605629996 0.015517078517074555 0.028056342367796812 0.03890825764171293 0.045719892231960504 
0.22454330988624377 -0.15645546259285176 -0.008975210935409865 0.0030053825182675066 -0.0036765440785297547 -0.008138599708916545 -0.004250545152645407 0.015517078517074555 0.05717589534617304 0.11297433007060008 0.1624288857951583 0.19402659167193728 
0.4592459737591463 -0.34980319885456174 -0.016909780863958314 0.008280942961063454 -0.006985076988586812 -0.017765259031577302 -0.01129368661554581 0.028056342367796812 0.11297433007060008 0.22775076653075918 0.3300008842373222 0.3955766173207476 
0.6691841226641578 -0.5291546447863089 -0.023796936921892334 0.013442189451817707 -0.009674833732320292 -0.026329679410070302 -0.017770259241589235 0.03890825764171293 0.1624288857951583 0.3300008842373222 0.4795975381806389 0.5756854527066321 
0.804226908745089 -0.6476946072727932 -0.028120582108024907 0.01696165985628957 -0.01128169560094525 -0.03181604976652806 -0.022016618202079265 0.045719892231960504 0.19402659167193728 0.3955766173207476 0.5756854527066321 0.6914567023070846 
