1.19390991925866 -0.22034267736540317 0.006432784959827768 0.0008219357583278655 -0.029712397676842132 -0.04467570648873274 -0.028297108721102575 0.048352744990389745 0.22142806598113754 0.4879432991409227 0.7668963744154477 0.9716845372653612 
-0.22034267736540317 0.2664621096881037 0.014736918195925255 -0.010871807011499186 -0.0030439580299645415 0.0060319928542889815 0.00953902251696339 0.00101586591290335 -0.027578777727367415 -0.07697554626045174 -0.13159382750990029 -0.17312008741008425 
0.006432784959827768 0.014736918195925255 0.007215132731867107 0.0031109883680945478 0.0013055740347327942 0.00031247863461786145 -0.0002959961837342894 -0.000450394721725552 0.00012646014162438353 0.0015303595074518646 0.0032766444413603654 0.004693258813155984 
0.0008219357583278655 -0.010871807011499186 0.0031109883680945478 0.003728446946985767 0.002463704383894006 0.0012071816727456314 9.184667699048527e-05 -0.0008157437070797221 -0.0013271618874626408 -0.0012603715241000686 -0.0007387737991386539 -0.00014030395869278652 
-0.029712397676842132 -0.0030439580299645415 0.0013055740347327942 0.002463704383894006 0.0027366616885478533 0.0024877607850530377 0.0014739649629154313 -0.0009962295209736526 -0.005749534930937722 -0.012605574516218078 -0.0195336996279139 -0.024500170358430853 
-0.04467570648873274 0.0060319928542889815 0.00031247863461786145 0.0012071816727456314 0.0024877607850530377 0.003049876768325497 0.002380230466234315 -0.0006140027591740277 -0.007311581046339326 -0.01758355853596266 -0.028309598551690986 -0.03617013422958931 
-0.028297108721102575 0.00953902251696339 -0.0002959961837342894 9.184667699048527e-05 0.0014739649629154313 0.002380230466234315 0.0024297894202496813 0.0008879814239129574 -0.0032182868346756085 -0.009885125295368776 -0.017042891211961377 -0.022382426418088137 
0.048352744990389745 0.00101586591290335 -0.000450394721725552 -0.0008157437070797221 -0.0009962295209736526 -0.0006140027591740277 0.0008879814239129574 0.004600279126666526 0.011797936791032106 0.022221431754440548 0.03278134476311059 0.04036620865927929 
0.22142806598113754 -0.027578777727367415 0.00012646014162438353 -0.0013271618874626408 -0.005749534930937722 -0.007311581046339326 -0.0032182868346756085 0.011797936791032106 0.04421612601541671 0.09330139407112643 0.1442314665680311 0.1814058288689177 
0.4879432991409227 -0.07697554626045174 0.0015303595074518646 -0.0012603715241000686 -0.012605574516218078 -0.01758355853596266 -0.009885125295368776 0.022221431754440548 0.09330139407112643 0.20195722021708776 0.31525475891102284 0.3982219341612663 
0.7668963744154477 -0.13159382750990029 0.0032766444413603654 -0.0007387737991386539 -0.0195336996279139 -0.028309598551690986 -0.017042891211961377 0.03278134476311059 0.1442314665680311 0.31525475891102284 0.49393739464761066 0.62495691813174 
0.9716845372653612 -0.17312008741008425 0.004693258813155984 -0.00014030395869278652 -0.024500170358430853 -0.03617013422958931 -0.022382426418088137 0.04036620865927929 0.1814058288689177 0.3982219341612663 0.62495691813174 0.7913124052910816 
