0.06356135095070696 -0.005235054594299451 -0.0001327382939065555 -0.012561731466672044 -0.014875429500335009 -0.0021169055410680785 0.023303729280625105 0.04518588120639498 0.05644003999847992 0.06097172037594591 0.0626442888788784 0.0632472704737328 
-0.005235054594299451 0.1812074575199565 0.004558316804872158 -0.0032119470334111473 0.004453089588719872 0.008795644403536758 0.00630964589647446 0.0010863272328847237 -0.002513791866322493 -0.004235487093571671 -0.004952956418046611 -0.005236722591920025 
-0.0001327382939065555 0.004558316804872158 0.011044595344705749 0.005423397436408753 0.0009127386021961852 -0.002027833075393641 -0.002653413189862451 -0.0018014609879825267 -0.0009489707831345813 -0.00048039075678836285 -0.0002689168751579953 -0.00018061011352096804 
-0.012561731466672044 -0.0032119470334111473 0.005423397436408753 0.010078676267511544 0.010648517330917383 0.006702639607411663 -0.000850091171832394 -0.007252868030132081 -0.010513374679135977 -0.011815571816587623 -0.012292631874758276 -0.012463419743960886 
-0.014875429500335009 0.004453089588719872 0.0009127386021961852 0.010648517330917383 0.0152989069700712 0.01268232372978498 0.003146341157871498 -0.006213971218857483 -0.011372735556366899 -0.01355473114798038 -0.014392420250454582 -0.014704597190604456 
-0.0021169055410680785 0.008795644403536758 -0.002027833075393641 0.006702639607411663 0.01268232372978498 0.01376038826881929 0.009359325380842992 0.0037993818908628393 0.00040253687542891046 -0.0011307283769160094 -0.0017484321890985292 -0.0019876380276414966 
0.023303729280625105 0.00630964589647446 -0.002653413189862451 -0.000850091171832394 0.003146341157871498 0.009359325380842992 0.016240938920682395 0.020662192492451187 0.022475591894666993 0.02306248621050246 0.02323377086451116 0.023280923484353372 
0.04518588120639498 0.0010863272328847237 -0.0018014609879825267 -0.007252868030132081 -0.006213971218857483 0.0037993818908628393 0.020662192492451187 0.034326268007313185 0.0410904021799949 0.04373135668460297 0.044679678781236194 0.045012981214773935 
0.05644003999847992 -0.002513791866322493 -0.0009489707831345813 -0.010513374679135977 -0.011372735556366899 0.00040253687542891046 0.022475591894666993 0.0410904021799949 0.0505438307415947 0.05431231283182117 0.055690938544553814 0.056183938111421694 
0.06097172037594591 -0.004235487093571671 -0.00048039075678836285 -0.011815571816587623 -0.01355473114798038 -0.0011307283769160094 0.02306248621050246 0.04373135668460297 0.05431231283182117 0.05855723065550074 0.06011888132212856 0.060680203744023005 
0.0626442888788784 -0.004952956418046611 -0.0002689168751579953 -0.012292631874758276 -0.014392420250454582 -0.0017484321890985292 0.02323377086451116 0.044679678781236194 0.055690938544553814 0.06011888132212856 0.06175123542663428 0.0623390829073638 
0.0632472704737328 -0.005236722591920025 -0.00018061011352096804 -0.012463419743960886 -0.014704597190604456 -0.0019876380276414966 0.023280923484353372 0.045012981214773935 0.056183938111421694 0.060680203744023005 0.0623390829073638 0.06293692591700367 
