0.09317873418750271 -0.004614972879808267 0.001290155389468688 -0.01678810544632838 -0.020018147281680103 -0.0015482551234767589 0.03517414539724082 0.06674238819183863 0.08295519077155478 0.08947386629551701 0.09187631125190066 0.09274131337354834 
-0.004614972879808267 0.19811983164893116 0.0069402204063151365 -0.004078503188058662 0.0021557338396773753 0.006476399574128648 0.005074648851456435 0.0009321196459050601 -0.002124715070050734 -0.003650786268278661 -0.004309639609006232 -0.004578694127070548 
0.001290155389468688 0.0069402204063151365 0.011602525757798377 0.0055106109025107475 0.0006744401275885824 -0.0021523634315358782 -0.002242184944294397 -0.00085884714445202 0.00028419345225424476 0.0008741696093448759 0.0011316723298516996 0.0012369581865624964 
-0.01678810544632838 -0.004078503188058662 0.0055106109025107475 0.011197234180897632 0.01176811020079224 0.0068528649871899385 -0.002440022994720223 -0.010292096811930202 -0.014284692249520607 -0.01587832732508295 -0.01646225638336595 -0.016671507054738126 
-0.020018147281680103 0.0021557338396773753 0.0006744401275885824 0.01176811020079224 0.016562183004716027 0.012899709163119423 0.0013086918916548002 -0.009830314226542201 -0.015914664088137742 -0.01847599644733116 -0.019457108186489304 -0.019822608782316516 
-0.0015482551234767589 0.006476399574128648 -0.0021523634315358782 0.0068528649871899385 0.012899709163119423 0.01413199424523639 0.009897011829030737 0.0044083670055500065 0.0010119576969641552 -0.0005378458763478595 -0.0011689394266234231 -0.0014160474835673536 
0.03517414539724082 0.005074648851456435 -0.002242184944294397 -0.002440022994720223 0.0013086918916548002 0.009897011829030737 0.021287005885408293 0.029489015900561598 0.03319956096771196 0.034529850882594006 0.034967101287567935 0.035106801352893915 
0.06674238819183863 0.0009321196459050601 -0.00085884714445202 -0.010292096811930202 -0.009830314226542201 0.0044083670055500065 0.029489015900561598 0.05013779047422436 0.06045187305962011 0.0645043686948999 0.06596664606642688 0.0664826077133958 
0.08295519077155478 -0.002124715070050734 0.00028419345225424476 -0.014284692249520607 -0.015914664088137742 0.0010119576969641552 0.03319956096771196 0.06045187305962011 0.07431376894085577 0.07984319597947671 0.08186638225768306 0.08258985606947467 
0.08947386629551701 -0.003650786268278661 0.0008741696093448759 -0.01587832732508295 -0.01847599644733116 -0.0005378458763478595 0.034529850882594006 0.0645043686948999 0.07984319597947671 0.0859921780807342 0.08825224022560375 0.08906388701381752 
0.09187631125190066 -0.004309639609006232 0.0011316723298516996 -0.01646225638336595 -0.019457108186489304 -0.0011689394266234231 0.034967101287567935 0.06596664606642688 0.08186638225768306 0.08825224022560375 0.09060340242433067 0.09144914336669341 
0.09274131337354834 -0.004578694127070548 0.0012369581865624964 -0.016671507054738126 -0.019822608782316516 -0.0014160474835673536 0.035106801352893915 0.0664826077133958 0.08258985606947467 0.08906388701381752 0.09144914336669341 0.09230770755463082 
