0.0879316799353713 -0.00928988909398907 0.0044212401141677325 -0.01107655417620078 -0.015548980854053167 -0.00019386565991914764 0.032938078552571616 0.062372867508652986 0.07787411115029978 0.08425984132363151 0.0866739138739646 0.08756709104946578 
-0.00928988909398907 0.20654055613561084 0.010860964902155858 0.005954495583349076 0.015255120428866082 0.017874651026921387 0.010560138928419442 0.0008387433133842893 -0.005173390244004136 -0.007898749093822766 -0.008998791395614566 -0.009425457302049774 
0.0044212401141677325 0.010860964902155858 0.019016206105928128 0.01323171060079111 0.008421842846746894 0.0047852721139748835 0.0031883060484942886 0.0033162833314946643 0.003834712477310713 0.004183286877513653 0.004356288216454536 0.004433118242856219 
-0.01107655417620078 0.005954495583349076 0.01323171060079111 0.019330729516293443 0.02068305834875389 0.01583486415223677 0.00565498548578743 -0.0033006150038465652 -0.007989958327839535 -0.009913847808194235 -0.010638907828937326 -0.010906542877602758 
-0.015548980854053167 0.015255120428866082 0.008421842846746894 0.02068305834875389 0.02683767894200123 0.023205450125535494 0.009967458581665567 -0.0031545855004960714 -0.010475018519147275 -0.013618340240695468 -0.014847390367315113 -0.015315410437407693 
-0.00019386565991914764 0.017874651026921387 0.0047852721139748835 0.01583486415223677 0.023205450125535494 0.023797740119198003 0.01684426248780874 0.008549188270844011 0.0035324275710851187 0.0012609309832598333 0.0003359915980701523 -2.8071351093368092e-05 
0.032938078552571616 0.010560138928419442 0.0031883060484942886 0.00565498548578743 0.009967458581665567 0.01684426248780874 0.02468387930853786 0.029820926400896182 0.0319583823889444 0.03265697773128616 0.03286150271424085 0.0329172844771256 
0.062372867508652986 0.0008387433133842893 0.0033162833314946643 -0.0033006150038465652 -0.0031545855004960714 0.008549188270844011 0.029820926400896182 0.04766597090084876 0.056732314247225024 0.06035971223771878 0.06169542455577972 0.062177612416161425 
0.07787411115029978 -0.005173390244004136 0.003834712477310713 -0.007989958327839535 -0.010475018519147275 0.0035324275710851187 0.0319583823889444 0.056732314247225024 0.06962643736974579 0.07488821331895948 0.07686069726278154 0.0775848177519882 
0.08425984132363151 -0.007898749093822766 0.004183286877513653 -0.009913847808194235 -0.013618340240695468 0.0012609309832598333 0.03265697773128616 0.06035971223771878 0.07488821331895948 0.08085331126846931 0.08310169431548299 0.08393129302591908 
0.0866739138739646 -0.008998791395614566 0.004356288216454536 -0.010638907828937326 -0.014847390367315113 0.0003359915980701523 0.03286150271424085 0.06169542455577972 0.07686069726278154 0.08310169431548299 0.08545895993719917 0.0863304157830159 
0.08756709104946578 -0.009425457302049774 0.004433118242856219 -0.010906542877602758 -0.015315410437407693 -2.8071351093368092e-05 0.0329172844771256 0.062177612416161425 0.0775848177519882 0.08393129302591908 0.0863304157830159 0.0872180448779814 
