3.758601258432759 -0.5939407322396185 0.04532092254556512 0.015816631453205592 -0.06816383976859111 -0.11398530269065861 -0.08573051871694085 0.08974722475946934 0.5241828561675929 1.2693573370548947 2.1542282791507588 2.882247066789739 
-0.5939407322396185 0.7271192488791101 0.05104896927674389 -0.018490997544416788 -0.00804515241274201 0.009432779497052667 0.017528653913820715 0.001982291469565137 -0.05748639480101632 -0.172469250843364 -0.3168350188691771 -0.43983614396717924 
0.04532092254556512 0.05104896927674389 0.019576266126589126 0.005676053990592986 0.0006635922514308877 -0.0015353907839836995 -0.002299320151939343 -0.0010844578151297363 0.0035585400309472793 0.012499181136556969 0.023706854525590154 0.033251498052677776 
0.015816631453205592 -0.018490997544416788 0.005676053990592986 0.00586335434246419 0.003412141455094439 0.001125703942811461 -0.0007074421465479393 -0.0017214555976092169 -0.0011713315497766913 0.001581062324141306 0.00590353596845392 0.010012667466068015 
-0.06816383976859111 -0.00804515241274201 0.0006635922514308877 0.003412141455094439 0.004210241397480009 0.003929700093873285 0.002277809041148255 -0.0019920858070897316 -0.010751925271373442 -0.024688827203859964 -0.040594528621091294 -0.053338131141702716 
-0.11398530269065861 0.009432779497052667 -0.0015353907839836995 0.001125703942811461 0.003929700093873285 0.00524137778222898 0.0042085226391653345 -0.0013604435779746204 -0.0148599080767491 -0.03782764024766601 -0.06498173081779535 -0.08725426796010027 
-0.08573051871694085 0.017528653913820715 -0.002299320151939343 -0.0007074421465479393 0.002277809041148255 0.0042085226391653345 0.004321664865497517 0.0009085876550223158 -0.008747676019890696 -0.02602213238457876 -0.04694782254543756 -0.06437902904291379 
0.08974722475946934 0.001982291469565137 -0.0010844578151297363 -0.0017214555976092169 -0.0019920858070897316 -0.0013604435779746204 0.0009085876550223158 0.006456214696411421 0.017632200659166673 0.03526462846071567 0.05529292561315774 0.07128799138931606 
0.5241828561675929 -0.05748639480101632 0.0035585400309472793 -0.0011713315497766913 -0.010751925271373442 -0.0148599080767491 -0.008747676019890696 0.017632200659166673 0.07943921546304257 0.18332900668882504 0.3054240879080295 0.40519500812820364 
1.2693573370548947 -0.172469250843364 0.012499181136556969 0.001581062324141306 -0.024688827203859964 -0.03782764024766601 -0.02602213238457876 0.03526462846071567 0.18332900668882504 0.4350576038081295 0.7326269300690113 0.976719446379833 
2.1542282791507588 -0.3168350188691771 0.023706854525590154 0.00590353596845392 -0.040594528621091294 -0.06498173081779535 -0.04694782254543756 0.05529292561315774 0.3054240879080295 0.7326269300690113 1.2388018270709793 1.6546463314779007 
2.882247066789739 -0.43983614396717924 0.033251498052677776 0.010012667466068015 -0.053338131141702716 -0.08725426796010027 -0.06437902904291379 0.07128799138931606 0.40519500812820364 0.976719446379833 1.6546463314779007 2.212000191695081 
