3.2270895549504255 -0.8252269745896245 0.020825903966446624 0.03592397162290482 -0.032409355293554945 -0.0743559679926865 -0.05377296527603675 0.09299585807353104 0.46193940567187447 1.0976775370460148 1.8539414363106947 2.47664398139753 
-0.8252269745896245 0.9125849219063885 0.04670203306173835 -0.026363072931791333 -0.011138480643844127 0.009765728726997564 0.01712873802858771 -0.007974554936752195 -0.09281021878904289 -0.25237554537330487 -0.45029917817882575 -0.6176639682556516 
0.020825903966446624 0.04670203306173835 0.015951609677282617 0.004969313500668436 0.0012056790469739018 -0.00039569074219985884 -0.0010826699225848467 -0.0007386383991444609 0.001290524807230363 0.005408043123189813 0.010643490639747046 0.015120943711274506 
0.03592397162290482 -0.026363072931791333 0.004969313500668436 0.005786154522448309 0.003149443761221963 0.0008472252052785645 -0.0005834827068735361 -0.00039460966740925604 0.002686549724833848 0.00945859705394091 0.01832808577564242 0.026038389560799315 
-0.032409355293554945 -0.011138480643844127 0.0012056790469739018 0.003149443761221963 0.0031837124358159385 0.002648688454690087 0.001489350092210055 -0.0008740784332862991 -0.0052979079396549425 -0.012054918708268747 -0.01960429981338749 -0.02557227611721077 
-0.0743559679926865 0.009765728726997564 -0.00039569074219985884 0.0008472252052785645 0.002648688454690087 0.003559318789624352 0.002949501804780876 -0.0006300761397093503 -0.009412448862349206 -0.024419097109578937 -0.04219855022954935 -0.056800982401129185 
-0.05377296527603675 0.01712873802858771 -0.0010826699225848467 -0.0005834827068735361 0.001489350092210055 0.002949501804780876 0.003243954560617284 0.0012752468503019294 -0.0047066377076641856 -0.015611026872451268 -0.028926165291325547 -0.04006765114636711 
0.09299585807353104 -0.007974554936752195 -0.0007386383991444609 -0.00039460966740925604 -0.0008740784332862991 -0.0006300761397093503 0.0012752468503019294 0.006586421211571942 0.017802309816692074 0.035882847488694684 0.05666829894751769 0.0734055134139731 
0.46193940567187447 -0.09281021878904289 0.001290524807230363 0.002686549724833848 -0.0052979079396549425 -0.009412448862349206 -0.0047066377076641856 0.017802309816692074 0.07150884672603547 0.16236080527099037 0.2694480092927467 0.3571028480165795 
1.0976775370460148 -0.25237554537330487 0.005408043123189813 0.00945859705394091 -0.012054918708268747 -0.024419097109578937 -0.015611026872451268 0.035882847488694684 0.16236080527099037 0.378542052715606 0.6346735363851576 0.8450228743895429 
1.8539414363106947 -0.45029917817882575 0.010643490639747046 0.01832808577564242 -0.01960429981338749 -0.04219855022954935 -0.028926165291325547 0.05666829894751769 0.2694480092927467 0.6346735363851576 1.0682977404414518 1.424892418227194 
2.47664398139753 -0.6176639682556516 0.015120943711274506 0.026038389560799315 -0.02557227611721077 -0.056800982401129185 -0.04006765114636711 0.0734055134139731 0.3571028480165795 0.8450228743895429 1.424892418227194 1.9020575303305904 
