4.251361475843961 -0.7366335774554447 0.04891897175581816 0.0262382267326628 -0.06720475771185452 -0.1166604116425597 -0.08137913294965252 0.1208591414421588 0.6149401694999602 1.4572726902237894 2.4537815397109877 3.2713376012400808 
-0.7366335774554447 0.9268850371916297 0.05082675163411173 -0.024566051347034774 -0.010818117264095992 0.00965769334217706 0.018354293441119794 -0.0020330526786787014 -0.07637306620603877 -0.21876264298696754 -0.39688327904753384 -0.5483407666317616 
0.04891897175581816 0.05082675163411173 0.01912992898911534 0.006365150124625204 0.0012417111732542236 -0.0011576285819859175 -0.00199626725505194 -0.0006449438579963846 0.0044308236727027914 0.014096748680096046 0.026107116299344278 0.03625490699925997 
0.0262382267326628 -0.024566051347034774 0.006365150124625204 0.006444405896692724 0.0035955571189222146 0.0011053360450384267 -0.0006744674120043919 -0.0011916820009124094 0.0005895286037713705 0.005417039783290362 0.01215771174554734 0.018218625985985178 
-0.06720475771185452 -0.010818117264095992 0.0012417111732542236 0.0035955571189222146 0.00425386098853037 0.003904056832114138 0.0022092295665060457 -0.0020635491886439234 -0.010745050544896632 -0.024491667032296594 -0.040137580053439745 -0.05265034907095479 
-0.1166604116425597 0.00965769334217706 -0.0011576285819859175 0.0011053360450384267 0.003904056832114138 0.005196849947755527 0.004073586680372021 -0.001704161832634875 -0.015581846872987032 -0.039090768200982305 -0.06681100068275203 -0.08950332604979204 
-0.08137913294965252 0.018354293441119794 -0.00199626725505194 -0.0006744674120043919 0.0022092295665060457 0.004073586680372021 0.004187099809362556 0.0009291121027635269 -0.008274813965804678 -0.024715760112865307 -0.04460838093613213 -0.06116252150981471 
0.1208591414421588 -0.0020330526786787014 -0.0006449438579963846 -0.0011916820009124094 -0.0020635491886439234 -0.001704161832634875 0.0009291121027635269 0.008062039959122871 0.02290798950636286 0.046642979916352544 0.07378170438320285 0.09554407933563606 
0.6149401694999602 -0.07637306620603877 0.0044308236727027914 0.0005895286037713705 -0.010745050544896632 -0.015581846872987032 -0.008274813965804678 0.02290798950636286 0.09558710427572044 0.21733656327252057 0.36007120170957374 0.4764735956868725 
1.4572726902237894 -0.21876264298696754 0.014096748680096046 0.005417039783290362 -0.024491667032296594 -0.039090768200982305 -0.024715760112865307 0.046642979916352544 0.21733656327252057 0.5060839377915565 0.8463119659588626 1.1246988381614347 
2.4537815397109877 -0.39688327904753384 0.026107116299344278 0.01215771174554734 -0.040137580053439745 -0.06681100068275203 -0.04460838093613213 0.07378170438320285 0.36007120170957374 0.8463119659588626 1.4204297272399666 1.8908357605817414 
3.2713376012400808 -0.5483407666317616 0.03625490699925997 0.018218625985985178 -0.05265034907095479 -0.08950332604979204 -0.06116252150981471 0.09554407933563606 0.4764735956868725 1.1246988381614347 1.8908357605817414 2.5189870091052486 
