7.758703490676077e-06 2.284550776629894e-05 -0.0005768274584641116 0.00033233862745770233 -2.8164604378546565e-05 2.4601115920666373e-05 7.725711823181001e-05 0.00010827941841949045 0.00012924212191734352 0.0001465578081251541 0.00016265603829065993 0.00017836025758032815 
2.284550776629894e-05 0.00011948115713263173 -0.0011696486162444681 0.0007304993004502116 0.0002910340247781433 0.00032072219574636395 0.0003426077875249012 0.0003658982974453831 0.00039862323517400193 0.00043822777567123505 0.0004813607508150052 0.000526044767128201 
-0.0005768274584641116 -0.0011696486162444681 0.4290138240907846 -0.07524496546236802 0.011402550714760127 0.005913240774782848 -0.0026690525814047753 -0.007037935465525527 -0.009303673991333243 -0.010809149982967298 -0.012069226619712834 -0.013254266146070708 
0.00033233862745770233 0.0007304993004502116 -0.07524496546236802 0.1414694203316206 0.01711246091948869 0.001980147955469026 0.0027160117702547336 0.004292693762047701 0.00539973986230811 0.006230354440392814 0.006951749809180743 0.007635018789447129 
-2.8164604378546565e-05 0.0002910340247781433 0.011402550714760127 0.01711246091948869 0.015715085445978254 0.006711092715818835 0.002274005855736249 0.0005100383999983888 -0.0001594583319325598 -0.00042752126632772337 -0.0005554928961737775 -0.0006358080916695748 
2.4601115920666373e-05 0.00032072219574636395 0.005913240774782848 0.001980147955469026 0.006711092715818835 0.003598478044943964 0.0016627561077832479 0.0008641661093624069 0.0005928263076447804 0.000527512560391953 0.0005370224372278291 0.000572698745807181 
7.725711823181001e-05 0.0003426077875249012 -0.0026690525814047753 0.0027160117702547336 0.002274005855736249 0.0016627561077832479 0.001358496066416049 0.0012991753654996814 0.0013658108371659896 0.001486762371048216 0.0016290297052634398 0.0017792047554408997 
0.00010827941841949045 0.0003658982974453831 -0.007037935465525527 0.004292693762047701 0.0005100383999983888 0.0008641661093624069 0.0012991753654996814 0.0015953008747034054 0.0018341103535276949 0.002056027963403949 0.00227369819640896 0.0024904354630634292 
0.00012924212191734352 0.00039862323517400193 -0.009303673991333243 0.00539973986230811 -0.0001594583319325598 0.0005928263076447804 0.0013658108371659896 0.0018341103535276949 0.0021639910832675436 0.0024452557786236056 0.0027108473553511107 0.002971544094646674 
0.0001465578081251541 0.00043822777567123505 -0.010809149982967298 0.006230354440392814 -0.00042752126632772337 0.000527512560391953 0.001486762371048216 0.002056027963403949 0.0024452557786236056 0.0027698078199593574 0.0030729807123238417 0.003369302465002372 
0.00016265603829065993 0.0004813607508150052 -0.012069226619712834 0.006951749809180743 -0.0005554928961737775 0.0005370224372278291 0.0016290297052634398 0.00227369819640896 0.0027108473553511107 0.0030729807123238417 0.0034101497494643147 0.003739264633923159 
0.00017836025758032815 0.000526044767128201 -0.013254266146070708 0.007635018789447129 -0.0006358080916695748 0.000572698745807181 0.0017792047554408997 0.0024904354630634292 0.002971544094646674 0.003369302465002372 0.003739264633923159 0.004100240130686078 
