3.6767839114670458e-06 1.0718548786788466e-05 -2.9043552148666743e-05 0.00015146339733318261 -4.753724973700835e-05 -6.99491626091666e-06 2.8831700068929085e-05 4.841925685753952e-05 6.0235275222921e-05 6.91116024203661e-05 7.696897891826291e-05 8.448691933705794e-05 
1.0718548786788466e-05 7.616400915426826e-05 -7.089603307439256e-05 0.00011540137087056022 4.611144127290619e-05 0.00012287297281436934 0.0001536809401294554 0.00017037895572248932 0.00018702816632372045 0.00020576753038573542 0.00022595266789596168 0.00024686295812886963 
-2.9043552148666743e-05 -7.089603307439256e-05 0.271164383017233 -0.06064968854226867 -0.012324072627330497 -0.0024730208752771856 -0.0009445521974168646 -0.0006529590539761338 -0.0005865015802073335 -0.0005905458052946151 -0.000625353277526148 -0.0006739157596780472 
0.00015146339733318261 0.00011540137087056022 -0.06064968854226867 0.12213715866194866 0.010010875719029349 -0.0015220139707989343 -5.687493151289453e-05 0.0014618954090473227 0.0022917807473765203 0.0027842271525614437 0.0031505367895746247 0.003473998394036973 
-4.753724973700835e-05 4.611144127290619e-05 -0.012324072627330497 0.010010875719029349 0.010572482880770534 0.0042890409370174775 0.0011712883214915763 -8.867212984268381e-05 -0.0005968104340828391 -0.0008327792256230633 -0.0009749810431969661 -0.0010856677638249128 
-6.99491626091666e-06 0.00012287297281436934 -0.0024730208752771856 -0.0015220139707989343 0.0042890409370174775 0.0022389179452456617 0.0008377563359306509 0.0002329811021330976 -1.351151363553596e-06 -9.291896595156016e-05 -0.00013345008093088902 -0.0001563874166347969 
2.8831700068929085e-05 0.0001536809401294554 -0.0009445521974168646 -5.687493151289453e-05 0.0011712883214915763 0.0008377563359306509 0.0005975440415574417 0.0005183289993418212 0.0005215578416171207 0.000558966913356546 0.0006093634346481221 0.0006644752141433116 
4.841925685753952e-05 0.00017037895572248932 -0.0006529590539761338 0.0014618954090473227 -8.867212984268381e-05 0.0002329811021330976 0.0005183289993418212 0.0006903593047243311 0.000812247318956812 0.0009167902431701517 0.001015898077999474 0.0011133879388077917 
6.0235275222921e-05 0.00018702816632372045 -0.0005865015802073335 0.0022917807473765203 -0.0005968104340828391 -1.351151363553596e-06 0.0005215578416171207 0.000812247318956812 0.0009937590032005094 0.0011346918954995868 0.0012618108880828808 0.0013844117548297583 
6.91116024203661e-05 0.00020576753038573542 -0.0005905458052946151 0.0027842271525614437 -0.0008327792256230633 -9.291896595156016e-05 0.000558966913356546 0.0009167902431701517 0.0011346918954995868 0.0012999565492771766 0.0014470773959561632 0.0015881878057488663 
7.696897891826291e-05 0.00022595266789596168 -0.000625353277526148 0.0031505367895746247 -0.0009749810431969661 -0.00013345008093088902 0.0006093634346481221 0.001015898077999474 0.0012618108880828808 0.0014470773959561632 0.0016113615510167938 0.0017686689573610092 
8.448691933705794e-05 0.00024686295812886963 -0.0006739157596780472 0.003473998394036973 -0.0010856677638249128 -0.0001563874166347969 0.0006644752141433116 0.0011133879388077917 0.0013844117548297583 0.0015881878057488663 0.0017686689573610092 0.0019413948758228161 
