1.2691511754226179e-05 1.1285002568211775e-05 -0.000513941257697579 0.00044867542929680876 -0.00011041904498158705 9.999337550025807e-06 0.00011240889796270739 0.00017093090543844435 0.000208785324270444 0.00023865951437852337 0.00026563799939271284 0.00029158746766355095 
1.1285002568211775e-05 0.002341728595664817 -0.007269179009805457 -0.005569789263719026 0.0007480358089533805 0.0013311633245373152 0.0008885323892573814 0.0005348771595552174 0.00035611704324103 0.00028479966788813463 0.00026634719208065103 0.0002716133258312412 
-0.000513941257697579 -0.007269179009805457 0.5331284747005621 -0.04230483601353877 -0.022024017652967718 -0.014614804060060762 -0.011076899735299198 -0.009674286191847906 -0.009561416087874095 -0.010097835595624358 -0.010924388230792633 -0.011872110359888334 
0.00044867542929680876 -0.005569789263719026 -0.04230483601353877 0.2286579963436432 0.013546203777205364 -0.0055358860005041335 -0.00047495944080024977 0.003972241683844933 0.006534650755639606 0.008108377179486655 0.00926589393628834 0.01026111280095626 
-0.00011041904498158705 0.0007480358089533805 -0.022024017652967718 0.013546203777205364 0.019938165633051962 0.008192109577211138 0.002095913585247785 -0.00040934089289134973 -0.0014466229083331997 -0.0019500449667325425 -0.002267741448164117 -0.002521837552292921 
9.999337550025807e-06 0.0013311633245373152 -0.014614804060060762 -0.0055358860005041335 0.008192109577211138 0.004835195874565444 0.0021490153075949783 0.000932057648268895 0.00046107068395122156 0.0002966512540038726 0.00024893990688830647 0.00024425701549773607 
0.00011240889796270739 0.0008885323892573814 -0.011076899735299198 -0.00047495944080024977 0.002095913585247785 0.0021490153075949783 0.0019317715481870692 0.00189247124531863 0.0019950212614716534 0.0021688015365805683 0.002373343534788494 0.0025902977861589735 
0.00017093090543844435 0.0005348771595552174 -0.009674286191847906 0.003972241683844933 -0.00040934089289134973 0.000932057648268895 0.00189247124531863 0.0024600188550325426 0.0028743062402707916 0.0032383136729789755 0.0035867992845896937 0.003930616121558496 
0.000208785324270444 0.00035611704324103 -0.009561416087874095 0.006534650755639606 -0.0014466229083331997 0.00046107068395122156 0.0019950212614716534 0.0028743062402707916 0.003459810098865025 0.003935979714268864 0.004373760075485676 0.0047983078803167925 
0.00023865951437852337 0.00028479966788813463 -0.010097835595624358 0.008108377179486655 -0.0019500449667325425 0.0002966512540038726 0.0021688015365805683 0.0032383136729789755 0.003935979714268864 0.004491822237003702 0.004996763151941006 0.005483798220908791 
0.00026563799939271284 0.00026634719208065103 -0.010924388230792633 0.00926589393628834 -0.002267741448164117 0.00024893990688830647 0.002373343534788494 0.0035867992845896937 0.004373760075485676 0.004996763151941006 0.0055605072682338545 0.0061032709864844705 
0.00029158746766355095 0.0002716133258312412 -0.011872110359888334 0.01026111280095626 -0.002521837552292921 0.00024425701549773607 0.0025902977861589735 0.003930616121558496 0.0047983078803167925 0.005483798220908791 0.0061032709864844705 0.006699316123986609 
