4.3650795533790593e-07 1.2075179160424845e-06 -2.855185684776294e-05 3.66182412359524e-06 -7.477537633520866e-06 -4.995488612401563e-07 3.7632813360088245e-06 5.914337906978294e-06 7.21803096827313e-06 8.229752351829222e-06 9.146597943557869e-06 1.0033372427435461e-05 
1.2075179160424845e-06 5.734220572108017e-06 -8.582537641791665e-05 -2.062013625035648e-05 -6.831295625737662e-06 1.0162858525774115e-05 1.613655299281676e-05 1.8788230608616394e-05 2.0921842966248127e-05 2.312577153081144e-05 2.54343953637097e-05 2.780311130223244e-05 
-2.855185684776294e-05 -8.582537641791665e-05 0.021028861306574154 -0.0015778327220813593 0.0005203729070880877 4.6899886846156515e-05 -0.0002687904109708161 -0.0004065755742864281 -0.0004828418932239123 -0.000543167621627025 -0.0006002879724998841 -0.0006570683925335051 
3.66182412359524e-06 -2.062013625035648e-05 -0.0015778327220813593 0.011002156500639763 0.0005364146789454816 -0.0003558744158921804 -0.00017479010700434294 -3.2908259123209175e-05 3.1179686946573167e-05 5.908081222974889e-05 7.342654683909598e-05 8.308274413739274e-05 
-7.477537633520866e-06 -6.831295625737662e-06 0.0005203729070880877 0.0005364146789454816 0.0009033239176683443 0.00035088386368079997 6.220891398550525e-05 -5.7289855050463606e-05 -0.00010874393288028884 -0.0001359856737676056 -0.00015501613617868317 -0.00017131701023127846 
-4.995488612401563e-07 1.0162858525774115e-05 4.6899886846156515e-05 -0.0003558744158921804 0.00035088386368079997 0.0001966450868511312 7.589085109625446e-05 2.275532299905128e-05 2.1262499223459567e-06 -5.841845929914176e-06 -9.248360119677043e-06 -1.1068432655790146e-05 
3.7632813360088245e-06 1.613655299281676e-05 -0.0002687904109708161 -0.00017479010700434294 6.220891398550525e-05 7.589085109625446e-05 6.667949608257885e-05 6.396369159553838e-05 6.689603864463231e-05 7.258712830209193e-05 7.942150269439998e-05 8.669534873313714e-05 
5.914337906978294e-06 1.8788230608616394e-05 -0.0004065755742864281 -3.2908259123209175e-05 -5.7289855050463606e-05 2.275532299905128e-05 6.396369159553838e-05 8.515818905118463e-05 9.96369436340203e-05 0.00011216004407097161 0.00012415774958366801 0.00013602353449422458 
7.21803096827313e-06 2.0921842966248127e-05 -0.0004828418932239123 3.1179686946573167e-05 -0.00010874393288028884 2.1262499223459567e-06 6.689603864463231e-05 9.96369436340203e-05 0.00012003846121207799 0.00013633124145010755 0.0001513334173544793 0.00016594064319603989 
8.229752351829222e-06 2.312577153081144e-05 -0.000543167621627025 5.908081222974889e-05 -0.0001359856737676056 -5.841845929914176e-06 7.258712830209193e-05 0.00011216004407097161 0.00013633124145010755 0.00015524960740690463 0.00017247812262878785 0.0001891764827572226 
9.146597943557869e-06 2.54343953637097e-05 -0.0006002879724998841 7.342654683909598e-05 -0.00015501613617868317 -9.248360119677043e-06 7.942150269439998e-05 0.00012415774958366801 0.0001513334173544793 0.00017247812262878785 0.0001916693897131089 0.00021024354265480394 
1.0033372427435461e-05 2.780311130223244e-05 -0.0006570683925335051 8.308274413739274e-05 -0.00017131701023127846 -1.1068432655790146e-05 8.669534873313714e-05 0.00013602353449422458 0.00016594064319603989 0.0001891764827572226 0.00021024354265480394 0.0002306239447616883 
