1.7679690522662642e-06 4.098276482114017e-06 -7.154682799477521e-05 9.693644376039087e-05 -1.9084762592148783e-05 -1.251758121394934e-06 1.501976479273134e-05 2.3801177042561446e-05 2.9168672282580312e-05 3.330661623921202e-05 3.7036010683653285e-05 4.063381411600308e-05 
4.098276482114017e-06 6.929019964263456e-05 -0.00015620410251871575 -3.0715069935811814e-05 9.847200204097561e-05 0.00011537453456127282 9.453604163391083e-05 8.098405238741682e-05 7.796222564989452e-05 8.118069487265187e-05 8.733806432357295e-05 9.473830011311805e-05 
-7.154682799477521e-05 -0.00015620410251871575 0.0709748206653901 -0.00736828188857654 0.0005234215600992199 -3.8451190222518e-05 -0.0007069328303465502 -0.0010258079125889162 -0.001211153414748766 -0.0013611943392520599 -0.0015041823993666348 -0.0016464811922538855 
9.693644376039087e-05 -3.0715069935811814e-05 -0.00736828188857654 0.030584727936465047 0.00030857827627269173 -0.0010007386935159776 0.0002597912585205986 0.0010691932638692 0.0015112662215379879 0.0017948717177482163 0.0020197762095190896 0.0022241802185377383 
-1.9084762592148783e-05 9.847200204097561e-05 0.0005234215600992199 0.00030857827627269173 0.0029397057757277532 0.0013225022331366256 0.0003479576945311085 -7.246239467991409e-05 -0.00025037578911476816 -0.00033734743434832244 -0.0003922145792762215 -0.0004360486242270587 
-1.251758121394934e-06 0.00011537453456127282 -3.8451190222518e-05 -0.0010007386935159776 0.0013225022331366256 0.0007638840559827135 0.00031186498648328977 0.00010579604907736006 2.3808362509738688e-05 -7.854088143276745e-06 -2.0730115351104766e-05 -2.686442007337641e-05 
1.501976479273134e-05 9.453604163391083e-05 -0.0007069328303465502 0.0002597912585205986 0.0003479576945311085 0.00031186498648328977 0.00026918482849620036 0.00025748421350314294 0.0002682526872992412 0.00029030888054999227 0.0003172410108905472 0.0003461167169341622 
2.3801177042561446e-05 8.098405238741682e-05 -0.0010258079125889162 0.0010691932638692 -7.246239467991409e-05 0.00010579604907736006 0.00025748421350314294 0.00034242495406619397 0.0004009451725641725 0.0004513961060413081 0.0004996702228957173 0.0005474105334855667 
2.9168672282580312e-05 7.796222564989452e-05 -0.001211153414748766 0.0015112662215379879 -0.00025037578911476816 2.3808362509738688e-05 0.0002682526872992412 0.0004009451725641725 0.00048437770749206556 0.0005506606394382014 0.0006114512297400141 0.0006705413468987586 
3.330661623921202e-05 8.118069487265187e-05 -0.0013611943392520599 0.0017948717177482163 -0.00033734743434832244 -7.854088143276745e-06 0.00029030888054999227 0.0004513961060413081 0.0005506606394382014 0.0006278882577718128 0.0006978734109474815 0.0007655524981551418 
3.7036010683653285e-05 8.733806432357295e-05 -0.0015041823993666348 0.0020197762095190896 -0.0003922145792762215 -2.0730115351104766e-05 0.0003172410108905472 0.0004996702228957173 0.0006114512297400141 0.0006978734109474815 0.0007758994456573407 0.0008512311930116252 
4.063381411600308e-05 9.473830011311805e-05 -0.0016464811922538855 0.0022241802185377383 -0.0004360486242270587 -2.686442007337641e-05 0.0003461167169341622 0.0005474105334855667 0.0006705413468987586 0.0007655524981551418 0.0008512311930116252 0.0009339076778311011 
