4.7780465454979686e-06 1.288148203582666e-05 -0.00013148809154135447 5.3902059626735325e-05 -8.826457930113428e-05 -8.120775622623762e-06 4.036332477567017e-05 6.44900646519459e-05 7.893282130641023e-05 9.00589714934847e-05 0.00010011105836738841 0.00010982310576163631 
1.288148203582666e-05 0.00013184787513878334 -0.0006839556724863086 -0.0003823571592421534 -2.722407971548717e-05 0.00016614161396262154 0.0002055346173870468 0.00021621537604933297 0.00022999971599562018 0.0002494940187021904 0.0002724395492854937 0.00029703031817226305 
-0.00013148809154135447 -0.0006839556724863086 0.14982425691988527 -0.022138443448075546 -0.0058605593107080725 -0.003053914633425695 -0.0024569396481689634 -0.002309875060446352 -0.0023764924158415474 -0.002553921567859426 -0.0027823100855211124 -0.003031985447760549 
5.3902059626735325e-05 -0.0003823571592421534 -0.022138443448075546 0.0674943219746097 0.006094814305983768 -0.0008049895694137221 -0.000359473046153283 0.0003382880567527172 0.0007341143972781927 0.0009571461126948298 0.0011078851527815978 0.0012312006934651124 
-8.826457930113428e-05 -2.722407971548717e-05 -0.0058605593107080725 0.006094814305983768 0.008633215252303553 0.0032479903315512093 0.0004264947525846218 -0.0007745886609159053 -0.001314374719058141 -0.001614829955602151 -0.0018328874263309008 -0.0020232250765931576 
-8.120775622623762e-06 0.00016614161396262154 -0.003053914633425695 -0.0008049895694137221 0.0032479903315512093 0.0017054293144834341 0.0006329920196852919 0.00015475506260095273 -3.893356007295317e-05 -0.00011956990997322906 -0.00015851812058424432 -0.00018264446943022354 
4.036332477567017e-05 0.0002055346173870468 -0.0024569396481689634 -0.000359473046153283 0.0004264947525846218 0.0006329920196852919 0.0006444867657163438 0.0006624597147075249 0.0007101130938273557 0.0007762929432692123 0.0008511669714925731 0.0009296555118739539 
6.44900646519459e-05 0.00021621537604933297 -0.002309875060446352 0.0003382880567527172 -0.0007745886609159053 0.00015475506260095273 0.0006624597147075249 0.0009169711203109302 0.0010827657531697749 0.0012218453559032824 0.0013534591485327484 0.0014830903309996134 
7.893282130641023e-05 0.00022999971599562018 -0.0023764924158415474 0.0007341143972781927 -0.001314374719058141 -3.893356007295317e-05 0.0007101130938273557 0.0010827657531697749 0.0013105429769085595 0.00149017286321737 0.0016546880732856218 0.0018145723485102623 
9.00589714934847e-05 0.0002494940187021904 -0.002553921567859426 0.0009571461126948298 -0.001614829955602151 -0.00011956990997322906 0.0007762929432692123 0.0012218453559032824 0.00149017286321737 0.0016983639709333915 0.0018872632404291919 0.0020701142815619973 
0.00010011105836738841 0.0002724395492854937 -0.0027823100855211124 0.0011078851527815978 -0.0018328874263309008 -0.00015851812058424432 0.0008511669714925731 0.0013534591485327484 0.0016546880732856218 0.0018872632404291919 0.0020976732980066888 0.0023010882562263936 
0.00010982310576163631 0.00029703031817226305 -0.003031985447760549 0.0012312006934651124 -0.0020232250765931576 -0.00018264446943022354 0.0009296555118739539 0.0014830903309996134 0.0018145723485102623 0.0020701142815619973 0.0023010882562263936 0.0025242923478405585 
