2.485334320524455e-07 7.29780491425473e-07 1.1483335695015632e-07 5.081572038709723e-06 -3.1416536804276577e-06 3.664397699060614e-07 2.444378542744079e-06 3.4884131286452423e-06 4.154352301104698e-06 4.701442820366365e-06 5.2131349814562304e-06 5.714477565316924e-06 
7.29780491425473e-07 2.2088507489226677e-06 4.68279683390145e-06 1.3584602145479538e-05 -7.0576349752069855e-06 2.4069526259671083e-06 7.75046860855859e-06 1.0460095737975497e-05 1.2275537104281285e-05 1.3831317270935947e-05 1.5316318316533116e-05 1.6782557500002495e-05 
1.1483335695015632e-07 4.68279683390145e-06 0.013574176209609922 -0.0008015158172886046 -0.0003933239097551094 -0.00010703144600846089 -2.650876383725071e-05 -5.101335203481375e-06 4.221177015993933e-07 1.8837257088476112e-06 2.3703507061834368e-06 2.642981957409335e-06 
5.081572038709723e-06 1.3584602145479538e-05 -0.0008015158172886046 0.006618176359088361 0.0002457148881065968 -0.0001802491790819732 -4.8636206457615184e-05 3.599336124955939e-05 7.376213058652475e-05 9.278350379418897e-05 0.00010561704353050784 0.000116561016383099 
-3.1416536804276577e-06 -7.0576349752069855e-06 -0.0003933239097551094 0.0002457148881065968 0.0007801575458979842 0.0003153708200842113 8.046649490554306e-05 -8.325769863062488e-06 -4.144746211118593e-05 -5.606929045622527e-05 -6.488667037178868e-05 -7.193209803126677e-05 
3.664397699060614e-07 2.4069526259671083e-06 -0.00010703144600846089 -0.0001802491790819732 0.0003153708200842113 0.00015933209870685886 6.193797078215295e-05 2.4477033728865986e-05 1.2234883487618584e-05 8.816001369007489e-06 8.260002352944466e-06 8.59908748721177e-06 
2.444378542744079e-06 7.75046860855859e-06 -2.650876383725071e-05 -4.8636206457615184e-05 8.046649490554306e-05 6.193797078215295e-05 4.604690713130067e-05 4.17430916361822e-05 4.324417383719208e-05 4.698464913523079e-05 5.1501567166809164e-05 5.627311446097325e-05 
3.4884131286452423e-06 1.0460095737975497e-05 -5.101335203481375e-06 3.599336124955939e-05 -8.325769863062488e-06 2.4477033728865986e-05 4.17430916361822e-05 5.151284892756803e-05 5.913898827263987e-05 6.625102810300903e-05 7.325280518363309e-05 8.023338936866157e-05 
4.154352301104698e-06 1.2275537104281285e-05 4.221177015993933e-07 7.376213058652475e-05 -4.144746211118593e-05 1.2234883487618584e-05 4.324417383719208e-05 5.913898827263987e-05 6.971415855143296e-05 7.867358869005507e-05 8.716717192787008e-05 9.552859264754674e-05 
4.701442820366365e-06 1.3831317270935947e-05 1.8837257088476112e-06 9.278350379418897e-05 -5.606929045622527e-05 8.816001369007489e-06 4.698464913523079e-05 6.625102810300903e-05 7.867358869005507e-05 8.896387506065865e-05 9.862433310847651e-05 0.00010810204636657277 
5.2131349814562304e-06 1.5316318316533116e-05 2.3703507061834368e-06 0.00010561704353050784 -6.488667037178868e-05 8.260002352944466e-06 5.1501567166809164e-05 7.325280518363309e-05 8.716717192787008e-05 9.862433310847651e-05 0.00010935137023707997 0.00011986540755952219 
5.714477565316924e-06 1.6782557500002495e-05 2.642981957409335e-06 0.000116561016383099 -7.193209803126677e-05 8.59908748721177e-06 5.627311446097325e-05 8.023338936866157e-05 9.552859264754674e-05 0.00010810204636657277 0.00011986540755952219 0.00013139207248466853 
