2.0363264838237e-06 6.028020990594084e-06 -3.818208352772897e-05 5.516695518024707e-05 -3.535311317111817e-05 -1.299830170674918e-06 1.8729037593963614e-05 2.8250732040434495e-05 3.3964535968661246e-05 3.850713791501261e-05 4.27116553076344e-05 4.6821116783074975e-05 
6.028020990594084e-06 1.792064978942465e-05 -0.0001140673209407629 0.00016031493664423464 -0.00010248441403012307 -2.101081789512296e-06 5.628851756952478e-05 8.397367541089078e-05 0.00010067193119706317 0.00011403611611048652 0.00012645254825818382 0.00013860714878285066 
-3.818208352772897e-05 -0.0001140673209407629 0.0968797262405822 -0.01968881603049016 -0.002842263926631554 -0.0005264361747610017 -0.00045330169922228107 -0.0005549074441445191 -0.000644597663994533 -0.0007246073095696514 -0.0008017243486090271 -0.0008781986534221976 
5.516695518024707e-05 0.00016031493664423464 -0.01968881603049016 0.041903138165680275 0.0020126094379887263 -0.0007210043698554642 6.828182356143012e-05 0.0006026660924535787 0.0008683631529390707 0.0010277750672916467 0.0011526639073325328 0.0012671855676726581 
-3.535311317111817e-05 -0.00010248441403012307 -0.002842263926631554 0.0020126094379887263 0.00394031389633857 0.0012916932223836955 7.807719431607445e-05 -0.00037124246728672264 -0.0005556123509192824 -0.0006589696027106521 -0.0007388622182511945 -0.0008121307102705084 
-1.299830170674918e-06 -2.101081789512296e-06 -0.0005264361747610017 -0.0007210043698554642 0.0012916932223836955 0.0005906313828145913 0.0001921637055040148 4.57320157918616e-05 -2.6842193212456986e-06 -1.9054661800232553e-05 -2.5675415447967922e-05 -2.9432448581374427e-05 
1.8729037593963614e-05 5.628851756952478e-05 -0.00045330169922228107 6.828182356143012e-05 7.807719431607445e-05 0.0001921637055040148 0.00024582035003449786 0.00028350717094405335 0.0003196179372167506 0.0003563182824941986 0.0003934696998716087 0.0004308194145559667 
2.8250732040434495e-05 8.397367541089078e-05 -0.0005549074441445191 0.0006026660924535787 -0.00037124246728672264 4.57320157918616e-05 0.00028350717094405335 0.00039973144489037596 0.0004736338078153187 0.0005349604957155088 0.0005927747162882494 0.0006496322157000762 
3.3964535968661246e-05 0.00010067193119706317 -0.000644597663994533 0.0008683631529390707 -0.0005556123509192824 -2.6842193212456986e-06 0.0003196179372167506 0.0004736338078153187 0.0005672766684988948 0.0006425102180811301 0.0007124731422345565 0.0007809658470172227 
3.850713791501261e-05 0.00011403611611048652 -0.0007246073095696514 0.0010277750672916467 -0.0006589696027106521 -1.9054661800232553e-05 0.0003563182824941986 0.0005349604957155088 0.0006425102180811301 0.000728247982270466 0.0008077044247225451 0.0008853989190060091 
4.27116553076344e-05 0.00012645254825818382 -0.0008017243486090271 0.0011526639073325328 -0.0007388622182511945 -2.5675415447967922e-05 0.0003934696998716087 0.0005927747162882494 0.0007124731422345565 0.0008077044247225451 0.0008958778892041838 0.0009820683618237454 
4.6821116783074975e-05 0.00013860714878285066 -0.0008781986534221976 0.0012671855676726581 -0.0008121307102705084 -2.9432448581374427e-05 0.0004308194145559667 0.0006496322157000762 0.0007809658470172227 0.0008853989190060091 0.0009820683618237454 0.0010765554357241626 
