8.477780078288229e-06 2.5407486491977605e-05 -0.00031581774327673224 0.0002571454828664634 -0.00015356224286930788 -1.096966139384789e-05 7.5770545336804e-05 0.00011694359974981647 0.00014123297215701229 0.00016028093222449666 0.0001778161751479892 0.00019493001454077666 
2.5407486491977605e-05 7.619692257008368e-05 -0.0009276667534440497 0.0007530539635646831 -0.0004566191727607008 -2.96688940315068e-05 0.0002285059909767141 0.0003510006249907581 0.0004234464364938994 0.0004804113931231873 0.0005329241562132146 0.0005842010484351306 
-0.00031581774327673224 -0.0009276667534440497 0.6081301049975892 -0.14644669849022304 0.01926655121532647 0.01137532887838514 0.000947804792399371 -0.003290966084877467 -0.00498538682519267 -0.005902905845656441 -0.0066079104870188105 -0.007257869327520427 
0.0002571454828664634 0.0007530539635646831 -0.14644669849022304 0.31463387918648805 0.0007575158290949144 -0.010907943846803552 -0.002252605791389886 0.002096638017609107 0.003868324882528887 0.004748359342355658 0.005363393969061736 0.005904678855721724 
-0.00015356224286930788 -0.0004566191727607008 0.01926655121532647 0.0007575158290949144 0.018775305910848968 0.006860308982248041 0.0008391944080956017 -0.0014431070313347496 -0.0023601617493242484 -0.0028463294778059375 -0.003204692451761184 -0.003526290046227731 
-1.096966139384789e-05 -2.96688940315068e-05 0.01137532887838514 -0.010907943846803552 0.006860308982248041 0.0034261788967317923 0.0011088959501350136 0.00022825455052498324 -6.954359013216504e-05 -0.00017453793455214758 -0.00022068542484351159 -0.0002495597912315421 
7.5770545336804e-05 0.0002285059909767141 0.000947804792399371 -0.002252605791389886 0.0008391944080956017 0.0011088959501350136 0.0011157743839060976 0.0011857551699668383 0.001304843054569883 0.0014450320181258768 0.0015928586445237633 0.0017432323172990826 
0.00011694359974981647 0.0003510006249907581 -0.003290966084877467 0.002096638017609107 -0.0014431070313347496 0.00022825455052498324 0.0011857551699668383 0.001658907300266044 0.0019622389586745953 0.0022151173291174915 0.0024540412502467627 0.0026892431266984807 
0.00014123297215701229 0.0004234464364938994 -0.00498538682519267 0.003868324882528887 -0.0023601617493242484 -6.954359013216504e-05 0.001304843054569883 0.0019622389586745953 0.00235719488510854 0.00267146449136715 0.002962661378224127 0.003247489591112153 
0.00016028093222449666 0.0004804113931231873 -0.005902905845656441 0.004748359342355658 -0.0028463294778059375 -0.00017453793455214758 0.0014450320181258768 0.0022151173291174915 0.00267146449136715 0.0030306705070199764 0.003361911663139319 0.0036853821693175297 
0.0001778161751479892 0.0005329241562132146 -0.0066079104870188105 0.005363393969061736 -0.003204692451761184 -0.00022068542484351159 0.0015928586445237633 0.0024540412502467627 0.002962661378224127 0.003361911663139319 0.0037296194256125365 0.004088546554696704 
0.00019493001454077666 0.0005842010484351306 -0.007257869327520427 0.005904678855721724 -0.003526290046227731 -0.0002495597912315421 0.0017432323172990826 0.0026892431266984807 0.003247489591112153 0.0036853821693175297 0.004088546554696704 0.0044820385310012974 
