3.112093108150587e-06 9.220274645375801e-06 -0.00019153756663076296 7.872061542045568e-05 -7.755836989590497e-05 -1.12624405937318e-05 2.5621159533654056e-05 4.226343095749472e-05 5.163959208263153e-05 5.877307331325923e-05 6.52540862645669e-05 7.155019370447408e-05 
9.220274645375801e-06 2.753541676138279e-05 -0.0005768883845928897 0.00021477898536518972 -0.0002213373650952267 -2.6858530735498728e-05 7.890119704686272e-05 0.0001263841267324172 0.0001534156824498406 0.0001742737463685165 0.00019337852235598417 0.00021199948668801984 
-0.00019153756663076296 -0.0005768883845928897 0.16038034480615565 -0.025044671144222392 -0.0013624460622850651 -0.0015222557632930942 -0.0024103094680101634 -0.002900250028468973 -0.0032804591499328204 -0.0036509560798795226 -0.004026963908408342 -0.004407056104985085 
7.872061542045568e-05 0.00021477898536518972 -0.025044671144222392 0.053192443070464376 0.0018534757022335556 -0.0010049120492086978 0.00013680318106495018 0.0008651598873699924 0.0012357291934593135 0.0014636571338855415 0.0016432994901622265 0.0018075797945427399 
-7.755836989590497e-05 -0.0002213373650952267 -0.0013624460622850651 0.0018534757022335556 0.010119817747546337 0.0038166687781815193 0.0005957082020221355 -0.0006558244762703507 -0.0011638819013080402 -0.001427413427248469 -0.0016150601485271866 -0.0017798194818121873 
-1.12624405937318e-05 -2.6858530735498728e-05 -0.0015222557632930942 -0.0010049120492086978 0.0038166687781815193 0.001741630444476224 0.0005316036814036751 5.498026180271428e-05 -0.0001208284631318723 -0.00019225214346742621 -0.00022991779315600436 -0.0002570522853898057 
2.5621159533654056e-05 7.890119704686272e-05 -0.0024103094680101634 0.00013680318106495018 0.0005957082020221355 0.0005316036814036751 0.00044655897396191346 0.00042802038718400663 0.0004509806005230161 0.0004919678991192929 0.0005397187133740661 0.0005898176450342606 
4.226343095749472e-05 0.0001263841267324172 -0.002900250028468973 0.0008651598873699924 -0.0006558244762703507 5.498026180271428e-05 0.00042802038718400663 0.0006015802441807318 0.0007103091626211211 0.0008010179144721678 0.0008870632168955091 0.0009719517637393923 
5.163959208263153e-05 0.0001534156824498406 -0.0032804591499328204 0.0012357291934593135 -0.0011638819013080402 -0.0001208284631318723 0.0004509806005230161 0.0007103091626211211 0.000859841759495377 0.0009761829699248807 0.0010830711622349734 0.0011873385113797539 
5.877307331325923e-05 0.0001742737463685165 -0.0036509560798795226 0.0014636571338855415 -0.001427413427248469 -0.00019225214346742621 0.0004919678991192929 0.0008010179144721678 0.0009761829699248807 0.0011102569788138726 0.0012324443433792698 0.0013512826137080177 
6.52540862645669e-05 0.00019337852235598417 -0.004026963908408342 0.0016432994901622265 -0.0016150601485271866 -0.00022991779315600436 0.0005397187133740661 0.0008870632168955091 0.0010830711622349734 0.0012324443433792698 0.001368272050538737 0.0015002674080229785 
7.155019370447408e-05 0.00021199948668801984 -0.004407056104985085 0.0018075797945427399 -0.0017798194818121873 -0.0002570522853898057 0.0005898176450342606 0.0009719517637393923 0.0011873385113797539 0.0013512826137080177 0.0015002674080229785 0.0016450148546151165 
