3.4955520281530255e-06 1.0465552417403505e-05 5.14426443445818e-06 6.312490614709402e-05 -4.456981286175862e-05 5.294636510253881e-06 3.461668226941036e-05 4.9239301989842943e-05 5.852456759792356e-05 6.616747109068658e-05 7.333883398571696e-05 8.037920558968808e-05 
1.0465552417403505e-05 3.14688558609017e-05 1.29465145769373e-05 0.000167957508229655 -0.0001248985932273175 2.2049537935033505e-05 0.00010637253278577336 0.00014845442568999805 0.00017558406937419612 0.00019822567594978422 0.00021961409435757322 0.00024066539334602084 
5.14426443445818e-06 1.29465145769373e-05 0.1768823000923775 -0.004241370329010997 0.0029207875746906746 0.001279413912844347 0.00036883133293847726 0.00012858391924869554 8.991699339267506e-05 9.484698993937871e-05 0.00010621601459590574 0.00011753757214911716 
6.312490614709402e-05 0.000167957508229655 -0.004241370329010997 0.08433219315170791 0.001736251840357355 -0.0029209626604217226 -0.0008503949620756975 0.0003673551440078175 0.0008915220005025274 0.001145013136821737 0.0013097040613091616 0.0014472566351921043 
-4.456981286175862e-05 -0.0001248985932273175 0.0029207875746906746 0.001736251840357355 0.008577304081174235 0.003420534052207865 0.0007652454916908286 -0.00024501852192908763 -0.0006297439202018145 -0.0008089982411142351 -0.0009249032228913159 -0.0010218861995715043 
5.294636510253881e-06 2.2049537935033505e-05 0.001279413912844347 -0.0029209626604217226 0.003420534052207865 0.0017747864439550257 0.0006987668976896136 0.0002863427501649239 0.00015453735490275164 0.00012017724791570538 0.00011703971095249482 0.00012351203701479424 
3.461668226941036e-05 0.00010637253278577336 0.00036883133293847726 -0.0008503949620756975 0.0007652454916908286 0.0006987668976896136 0.0005853467237313683 0.0005685336354518299 0.0006051217680903339 0.0006630956022690361 0.0007286430199816499 0.0007967072835257409 
4.9239301989842943e-05 0.00014845442568999805 0.00012858391924869554 0.0003673551440078175 -0.00024501852192908763 0.0002863427501649239 0.0005685336354518299 0.0007209810109860546 0.0008331453860454603 0.0009347657677290564 0.0010338970027021879 0.001132492542603567 
5.852456759792356e-05 0.00017558406937419612 8.991699339267506e-05 0.0008915220005025274 -0.0006297439202018145 0.00015453735490275164 0.0006051217680903339 0.0008331453860454603 0.000982679647585908 0.0011086988114492678 0.0012281530641446178 0.0013458379551877435 
6.616747109068658e-05 0.00019822567594978422 9.484698993937871e-05 0.001145013136821737 -0.0008089982411142351 0.00012017724791570538 0.0006630956022690361 0.0009347657677290564 0.0011086988114492678 0.0012527662080665902 0.0013883205879384392 0.001521528200131769 
7.333883398571696e-05 0.00021961409435757322 0.00010621601459590574 0.0013097040613091616 -0.0009249032228913159 0.00011703971095249482 0.0007286430199816499 0.0010338970027021879 0.0012281530641446178 0.0013883205879384392 0.0015387207673725146 0.001686413491035027 
8.037920558968808e-05 0.00024066539334602084 0.00011753757214911716 0.0014472566351921043 -0.0010218861995715043 0.00012351203701479424 0.0007967072835257409 0.001132492542603567 0.0013458379551877435 0.001521528200131769 0.001686413491035027 0.0018482990865622525 
