1.772771553103587e-07 5.330777509377931e-07 2.402359261247467e-05 1.838845640245398e-05 5.795473201376034e-06 2.937737073072133e-06 2.53923560327087e-06 2.715539471177844e-06 3.027407017234183e-06 3.371627586141116e-06 3.7236541015920047e-06 4.077583620756514e-06 
5.330777509377931e-07 1.6038007550979986e-06 7.235578132406528e-05 5.511147433230032e-05 1.7518145717844818e-05 8.895379302470807e-06 7.661804162404362e-06 8.175378762020407e-06 9.106819476259522e-06 1.013967589452421e-05 1.119748915037232e-05 1.226152663414333e-05 
2.402359261247467e-05 7.235578132406528e-05 0.008993116663804023 0.004421990910627742 0.0016705201996335742 0.0006908045708673385 0.0004308527455087045 0.0003923801045236369 0.0004169109149085263 0.000458687882857795 0.0005050819524768625 0.0005526959623523019 
1.838845640245398e-05 5.511147433230032e-05 0.004421990910627742 0.004936778218044796 0.0012792144958500991 0.00044495270445033414 0.0002921239627507832 0.00028748374186605643 0.00031516817485208995 0.0003499440771292882 0.0003862807938109872 0.00042296120871381356 
5.795473201376034e-06 1.7518145717844818e-05 0.0016705201996335742 0.0012792144958500991 0.0005146931212214501 0.00020713996710257653 0.00011748171589788422 9.899784059921517e-05 0.00010192793643077319 0.00011106723831705836 0.00012197079442719474 0.00013336994700866874 
2.937737073072133e-06 8.895379302470807e-06 0.0006908045708673385 0.00044495270445033414 0.00020713996710257653 9.220731330136332e-05 5.656764286401709e-05 4.949692167552484e-05 5.151285966187587e-05 5.626609444185507e-05 6.181994584271528e-05 6.760400684565416e-05 
2.53923560327087e-06 7.661804162404362e-06 0.0004308527455087045 0.0002921239627507832 0.00011748171589788422 5.656764286401709e-05 4.136339453397479e-05 4.048125436412943e-05 4.3845320608027924e-05 4.84366920870398e-05 5.3377712716452066e-05 5.841752867850003e-05 
2.715539471177844e-06 8.175378762020407e-06 0.0003923801045236369 0.00028748374186605643 9.899784059921517e-05 4.949692167552484e-05 4.048125436412943e-05 4.210803043653761e-05 4.653141370160053e-05 5.16939526410926e-05 5.7053026773961626e-05 6.246467624900698e-05 
3.027407017234183e-06 9.106819476259522e-06 0.0004169109149085263 0.00031516817485208995 0.00010192793643077319 5.151285966187587e-05 4.3845320608027924e-05 4.653141370160053e-05 5.1748780780047e-05 5.759295375234802e-05 6.359418959630186e-05 6.963522567222245e-05 
3.371627586141116e-06 1.013967589452421e-05 0.000458687882857795 0.0003499440771292882 0.00011106723831705836 5.626609444185507e-05 4.84366920870398e-05 5.16939526410926e-05 5.759295375234802e-05 6.41293722138238e-05 7.082138841167952e-05 7.755180974057703e-05 
3.7236541015920047e-06 1.119748915037232e-05 0.0005050819524768625 0.0003862807938109872 0.00012197079442719474 6.181994584271528e-05 5.3377712716452066e-05 5.7053026773961626e-05 6.359418959630186e-05 7.082138841167952e-05 7.821465712099303e-05 8.564855619776804e-05 
4.077583620756514e-06 1.226152663414333e-05 0.0005526959623523019 0.00042296120871381356 0.00013336994700866874 6.760400684565416e-05 5.841752867850003e-05 6.246467624900698e-05 6.963522567222245e-05 7.755180974057703e-05 8.564855619776804e-05 9.3789267759683e-05 
