3.290547910335184e-06 9.868634093410218e-06 0.00023219528143522507 0.00019183134826399113 3.779700834300267e-05 3.168544105772274e-05 4.0401138822751e-05 4.852103780125167e-05 5.568157148356842e-05 6.244603270867159e-05 6.908079201820453e-05 7.56769503524451e-05 
9.868634093410218e-06 2.9598433851566957e-05 0.0006962032760936135 0.0005725980585387611 0.00011350590171331821 9.529747410550313e-05 0.00012129562056254926 0.0001455675393841936 0.00016701044187527307 0.00018728635441845394 0.00020718086436721152 0.00022696214249887803 
0.00023219528143522507 0.0006962032760936135 0.09294183148941441 0.03689897335400818 0.010435300850585989 0.0045513187649804405 0.0035030495914756404 0.0036017044556260944 0.003976651965010932 0.004418989239504702 0.004877912300555315 0.005340942778737658 
0.00019183134826399113 0.0005725980585387611 0.03689897335400818 0.08325642443890276 0.012399390112678668 0.002531715521031834 0.0021394864484381203 0.0026926121786326985 0.0031942149975557887 0.0036234832461905873 0.004022083912243763 0.004410280903266106 
3.779700834300267e-05 0.00011350590171331821 0.010435300850585989 0.012399390112678668 0.005444302237448372 0.0020903229418690497 0.0010029343728994327 0.0007175993255551765 0.0006859160667023987 0.0007304433053306055 0.000797190903764369 0.0008702942452579909 
3.168544105772274e-05 9.529747410550313e-05 0.0045513187649804405 0.002531715521031834 0.0020903229418690497 0.0010636272488644708 0.0006522608712510265 0.0005503104225255116 0.0005611187457629608 0.0006085781726276714 0.000667274163787335 0.0007292979909631342 
4.0401138822751e-05 0.00012129562056254926 0.0035030495914756404 0.0021394864484381203 0.0010029343728994327 0.0006522608712510265 0.0005910850677439047 0.0006264172683010532 0.0006930063442321593 0.0007694647021764692 0.0008489648661525236 0.0009293830562672177 
4.852103780125167e-05 0.0001455675393841936 0.0036017044556260944 0.0026926121786326985 0.0007175993255551765 0.0005503104225255116 0.0006264172683010532 0.0007255087924149279 0.0008241471319073668 0.0009217209139799985 0.0010189029488908393 0.0011159768066779634 
5.568157148356842e-05 0.00016701044187527307 0.003976651965010932 0.0031942149975557887 0.0006859160667023987 0.0005611187457629608 0.0006930063442321593 0.0008241471319073668 0.0009431837768782501 0.0010569778030962667 0.0011690461564401607 0.0012806045627893955 
6.244603270867159e-05 0.00018728635441845394 0.004418989239504702 0.0036234832461905873 0.0007304433053306055 0.0006085781726276714 0.0007694647021764692 0.0009217209139799985 0.0010569778030962667 0.001185149248993156 0.00131099885401434 0.0014361587936447214 
6.908079201820453e-05 0.00020718086436721152 0.004877912300555315 0.004022083912243763 0.000797190903764369 0.000667274163787335 0.0008489648661525236 0.0010189029488908393 0.0011690461564401607 0.00131099885401434 0.0014502692106039658 0.0015887417255287554 
7.56769503524451e-05 0.00022696214249887803 0.005340942778737658 0.004410280903266106 0.0008702942452579909 0.0007292979909631342 0.0009293830562672177 0.0011159768066779634 0.0012806045627893955 0.0014361587936447214 0.0015887417255287554 0.0017404405083706511 
