4.871390139718782e-06 1.4606448782075723e-05 0.0002510055610925994 0.00032146729868314975 7.633743221510706e-05 5.2217435251669686e-05 6.086706181293521e-05 7.196942477869201e-05 8.242387266209388e-05 9.243135655333224e-05 0.00010226109120475489 0.00011203071333528157 
1.4606448782075723e-05 4.379942693186874e-05 0.0007528161751533917 0.0009602338370923152 0.00023050824476952044 0.00015766185038476962 0.00018296359214869335 0.00021596001148616373 0.0002471965887139003 0.0002771654150162745 0.00030662675346108216 0.00033591626650638197 
0.0002510055610925994 0.0007528161751533917 0.2629408257532991 0.06960977515010988 0.028409594693795538 0.010696042678056912 0.005430365168390569 0.004322519573907157 0.00440461748575715 0.004801917479764305 0.005278707584479591 0.005774827563526196 
0.00032146729868314975 0.0009602338370923152 0.06960977515010988 0.15743095686315395 0.022171758215506685 0.003946399456139856 0.0033701714418472605 0.004424079204200896 0.005321781644751057 0.006061960471368091 0.006736899623315808 0.007389665276112527 
7.633743221510706e-05 0.00023050824476952044 0.028409594693795538 0.022171758215506685 0.012675645064132306 0.005159171902925255 0.002374664573730471 0.0015635060566878945 0.0014205024598602815 0.0014857523470941728 0.0016131399971286474 0.0017585998753929016 
5.2217435251669686e-05 0.00015766185038476962 0.010696042678056912 0.003946399456139856 0.005159171902925255 0.002546855744404607 0.0013546403682716823 0.000996054231153047 0.0009517753896557248 0.001010928248909461 0.0011019908904342389 0.001202550315561985 
6.086706181293521e-05 0.00018296359214869335 0.005430365168390569 0.0033701714418472605 0.002374664573730471 0.0013546403682716823 0.0010161232476778418 0.0009824659569124428 0.0010554870145417436 0.0011625455374262858 0.0012799619112758723 0.0014004445727852548 
7.196942477869201e-05 0.00021596001148616373 0.004322519573907157 0.004424079204200896 0.0015635060566878945 0.000996054231153047 0.0009824659569124428 0.0010906888431829315 0.0012262404827277907 0.0013681296336536595 0.0015115471241262553 0.0016553485113038567 
8.242387266209388e-05 0.0002471965887139003 0.00440461748575715 0.005321781644751057 0.0014205024598602815 0.0009517753896557248 0.0010554870145417436 0.0012262404827277907 0.0013972776103416734 0.0015647435793968401 0.0017304949431342894 0.001895627999855848 
9.243135655333224e-05 0.0002771654150162745 0.004801917479764305 0.006061960471368091 0.0014857523470941728 0.001010928248909461 0.0011625455374262858 0.0013681296336536595 0.0015647435793968401 0.0017540678870917726 0.0019404083234732888 0.002125728858561303 
0.00010226109120475489 0.00030662675346108216 0.005278707584479591 0.006736899623315808 0.0016131399971286474 0.0011019908904342389 0.0012799619112758723 0.0015115471241262553 0.0017304949431342894 0.0019404083234732888 0.0021467048014504222 0.00235177511225929 
0.00011203071333528157 0.00033591626650638197 0.005774827563526196 0.007389665276112527 0.0017585998753929016 0.001202550315561985 0.0014004445727852548 0.0016553485113038567 0.001895627999855848 0.002125728858561303 0.00235177511225929 0.0025764493381098827 
