5.259224890878741e-06 1.5731236620697742e-05 0.00024702644449193666 0.00042485217466344075 6.268528237650807e-05 4.43353971882191e-05 6.141819067655126e-05 7.638753982766258e-05 8.86121996559521e-05 9.968727064028797e-05 0.00011037463330089669 0.00012094245026451496 
1.5731236620697742e-05 4.7076618562727746e-05 0.000738918149248425 0.0012674588512133417 0.0001902884301793431 0.000134401135288528 0.0001844807363384576 0.00022877599370215316 0.00026515462812084015 0.0002982151913266713 0.0003301602418994223 0.00036176293860462134 
0.00024702644449193666 0.000738918149248425 0.1165920288495617 0.04886602671943942 0.016939630033211875 0.006880973130883374 0.004340328116508075 0.004003244365374992 0.004276401553170455 0.004713037165683562 0.005192434489161352 0.005682806996913992 
0.00042485217466344075 0.0012674588512133417 0.04886602671943942 0.10221134924983265 0.01876673050545851 0.0059864432745421895 0.005334730536223673 0.006212157778692037 0.00715643235632403 0.008049523792303795 0.008914703555327246 0.009769408388110459 
6.268528237650807e-05 0.0001902884301793431 0.016939630033211875 0.01876673050545851 0.008748007085798998 0.0034195096951718314 0.0016527002268104851 0.0011870010234666906 0.0011365852847872698 0.0012111201908298439 0.0013220362918691067 0.0014433390789003173 
4.43353971882191e-05 0.000134401135288528 0.006880973130883374 0.0059864432745421895 0.0034195096951718314 0.0015763365895997096 0.0009276579737821998 0.0007725309439877446 0.0007856070065530177 0.0008516652905198618 0.0009337180837407974 0.0010204783481881975 
6.141819067655126e-05 0.0001844807363384576 0.004340328116508075 0.005334730536223673 0.0016527002268104851 0.0009276579737821998 0.0008615112328493991 0.0009383011464168968 0.0010489446830434712 0.0011683565638019612 0.0012901983161904742 0.0014127414575941938 
7.638753982766258e-05 0.00022877599370215316 0.004003244365374992 0.006212157778692037 0.0011870010234666906 0.0007725309439877446 0.0009383011464168968 0.0011245359652262996 0.0012916984322710145 0.0014493026038520313 0.0016035464447951625 0.001756746960606451 
8.86121996559521e-05 0.00026515462812084015 0.004276401553170455 0.00715643235632403 0.0011365852847872698 0.0007856070065530177 0.0010489446830434712 0.0012916984322710145 0.0014944723744045195 0.001680062118381998 0.00185982305876744 0.0020377867735322077 
9.968727064028797e-05 0.0002982151913266713 0.004713037165683562 0.008049523792303795 0.0012111201908298439 0.0008516652905198618 0.0011683565638019612 0.0014493026038520313 0.001680062118381998 0.0018896814393045318 0.002092163432844272 0.002292445327922579 
0.00011037463330089669 0.0003301602418994223 0.005192434489161352 0.008914703555327246 0.0013220362918691067 0.0009337180837407974 0.0012901983161904742 0.0016035464447951625 0.00185982305876744 0.002092163432844272 0.002316429496248379 0.0025382062823674566 
0.00012094245026451496 0.00036176293860462134 0.005682806996913992 0.009769408388110459 0.0014433390789003173 0.0010204783481881975 0.0014127414575941938 0.001756746960606451 0.0020377867735322077 0.002292445327922579 0.0025382062823674566 0.0027812239047918168 
