2.427000632128313e-06 -4.947461029928411e-07 0.00028079178417532154 0.00012137175261593934 4.2456034830431055e-05 2.723492542003111e-05 2.9087357367036345e-05 3.447641871952657e-05 4.015356040469628e-05 4.5552301688296375e-05 5.07006653169306e-05 5.569959630577821e-05 
-4.947461029928411e-07 0.008717474142055938 0.00350381083610095 0.0008203492829061884 0.0011366988402546098 0.0007569169184424091 0.0004008194909701118 0.00018966498609145294 8.184423163618153e-05 3.0502118879611992e-05 6.826052890766704e-06 -4.085456655533487e-06 
0.00028079178417532154 0.00350381083610095 0.07966963891094812 0.033587497661110695 0.010249979414220385 0.004374220713915527 0.003542400194069909 0.00395229679668294 0.0045940622479250905 0.005236892842933353 0.0058481624059851115 0.006435627279704283 
0.00012137175261593934 0.0008203492829061884 0.033587497661110695 0.02187182647462557 0.009471089141962956 0.0044636396612167326 0.0027337038728583412 0.0022462145564379767 0.002219665746602517 0.002363344816441828 0.002569735998527275 0.002799176076424566 
4.2456034830431055e-05 0.0011366988402546098 0.010249979414220385 0.009471089141962956 0.00493903531397711 0.002473364572476167 0.0014049956784979048 0.000993201600078412 0.0008688061577158273 0.0008667773334607638 0.0009159653147483972 0.0009863227306871661 
2.723492542003111e-05 0.0007569169184424091 0.004374220713915527 0.0044636396612167326 0.002473364572476167 0.00131003964143292 0.0007928103831893818 0.0005947796869843733 0.0005408418093680452 0.0005496209827936654 0.0005850946481976641 0.0006317495639698688 
2.9087357367036345e-05 0.0004008194909701118 0.003542400194069909 0.0027337038728583412 0.0014049956784979048 0.0007928103831893818 0.0005695248223711581 0.0005129980187887239 0.0005249907097577155 0.0005647225898996081 0.0006155804553563949 0.000670868400875078 
3.447641871952657e-05 0.00018966498609145294 0.00395229679668294 0.0022462145564379767 0.000993201600078412 0.0005947796869843733 0.0005129980187887239 0.0005352438475352757 0.0005904734772710882 0.0006557506674902868 0.0007238983564638996 0.000792773646951157 
4.015356040469628e-05 8.184423163618153e-05 0.0045940622479250905 0.002219665746602517 0.0008688061577158273 0.0005408418093680452 0.0005249907097577155 0.0005904734772710882 0.0006732260933416051 0.0007574986319431374 0.0008404608406011143 0.0009222133422883718 
4.5552301688296375e-05 3.0502118879611992e-05 0.005236892842933353 0.002363344816441828 0.0008667773334607638 0.0005496209827936654 0.0005647225898996081 0.0006557506674902868 0.0007574986319431374 0.0008566463309689841 0.0009523151085973808 0.0010457255610404528 
5.07006653169306e-05 6.826052890766704e-06 0.0058481624059851115 0.002569735998527275 0.0009159653147483972 0.0005850946481976641 0.0006155804553563949 0.0007238983564638996 0.0008404608406011143 0.0009523151085973808 0.0010594562634712182 0.0011637081558175221 
5.569959630577821e-05 -4.085456655533487e-06 0.006435627279704283 0.002799176076424566 0.0009863227306871661 0.0006317495639698688 0.000670868400875078 0.000792773646951157 0.0009222133422883718 0.0010457255610404528 0.0011637081558175221 0.0012783588513457012 
