3.363984789334981e-06 4.298729480460823e-06 0.0002613938308030057 0.00011992532922499033 5.112767672880723e-05 3.90268696558249e-05 4.241403567913669e-05 4.9213782745718656e-05 5.644695893154561e-05 6.353822289755496e-05 7.046576317250043e-05 7.729167827136614e-05 
4.298729480460823e-06 0.0196149999793125 0.011912481133127274 0.0030412352847194774 0.002649246307400329 0.0016702746057002888 0.0009104834785468964 0.000479167886702836 0.0002648413352997218 0.00016756704200027387 0.00012787198415905871 0.00011503830543316282 
0.0002613938308030057 0.011912481133127274 0.09133301666060852 0.03713900550978102 0.011381034828248825 0.0046382217652479445 0.0034627463919220313 0.0037225866908965396 0.004285684407093102 0.004875679417791051 0.005443285376053481 0.0059902883342923775 
0.00011992532922499033 0.0030412352847194774 0.03713900550978102 0.023455198942197955 0.010217973827816343 0.004812696060946558 0.002889201780576356 0.0023070271708585405 0.0022336712571615746 0.002353675163623179 0.0025474686621802527 0.002769546182825274 
5.112767672880723e-05 0.002649246307400329 0.011381034828248825 0.010217973827816343 0.005552511158017781 0.0028917001925218145 0.0016912264608635612 0.001210824917047527 0.001058602558862885 0.001051434508844557 0.0011071902904090695 0.001189869575344161 
3.90268696558249e-05 0.0016702746057002888 0.0046382217652479445 0.004812696060946558 0.0028917001925218145 0.0016474641881784337 0.0010620025432955225 0.0008311605168012201 0.0007703454945789795 0.0007873540304625268 0.0008390089827707104 0.0009057895889212409 
4.241403567913669e-05 0.0009104834785468964 0.0034627463919220313 0.002889201780576356 0.0016912264608635612 0.0010620025432955225 0.0008137738611776718 0.0007500339754477143 0.0007698690799283995 0.0008266294801289272 0.0008994571190436549 0.0009791961332474082 
4.9213782745718656e-05 0.000479167886702836 0.0037225866908965396 0.0023070271708585405 0.001210824917047527 0.0008311605168012201 0.0007500339754477143 0.000780755943944724 0.0008532930000793973 0.0009416696731175827 0.0010361397527108144 0.0011329893655689712 
5.644695893154561e-05 0.0002648413352997218 0.004285684407093102 0.0022336712571615746 0.001058602558862885 0.0007703454945789795 0.0007698690799283995 0.0008532930000793973 0.0009596715875759896 0.001071695355720358 0.0011848059476573807 0.0012979673270455084 
6.353822289755496e-05 0.00016756704200027387 0.004875679417791051 0.002353675163623179 0.001051434508844557 0.0007873540304625268 0.0008266294801289272 0.0009416696731175827 0.001071695355720358 0.0012025556795598332 0.0013320129293263705 0.0014603276493844785 
7.046576317250043e-05 0.00012787198415905871 0.005443285376053481 0.0025474686621802527 0.0011071902904090695 0.0008390089827707104 0.0008994571190436549 0.0010361397527108144 0.0011848059476573807 0.0013320129293263705 0.0014765211769661275 0.0016192378837400147 
7.729167827136614e-05 0.00011503830543316282 0.0059902883342923775 0.002769546182825274 0.001189869575344161 0.0009057895889212409 0.0009791961332474082 0.0011329893655689712 0.0012979673270455084 0.0014603276493844785 0.0016192378837400147 0.0017759573484856035 
