5.262003943702261e-06 -2.890409468517343e-05 0.00036006444701552394 0.0001887154644895274 8.28384091419016e-05 6.226819861361821e-05 6.673403271606947e-05 7.706375254703837e-05 8.828896086983523e-05 9.93660881968541e-05 0.00011020660494758749 0.00012089039605699717 
-2.890409468517343e-05 0.02668829972230911 0.008261848091395315 -0.0025144287447259523 0.00030184137882888836 0.0006302524708212087 0.00026793500812032225 -8.130023557790425e-05 -0.0003165262438853403 -0.00046711520210876575 -0.0005698546172204846 -0.0006484365798542848 
0.00036006444701552394 0.008261848091395315 0.11116899314920237 0.04911509594633269 0.015831211196556845 0.006678873464421753 0.004949067017729365 0.005217478350287492 0.005944238315479227 0.006733697689512445 0.007505293105392696 0.008254446671083387 
0.0001887154644895274 -0.0025144287447259523 0.04911509594633269 0.03659224091186323 0.01650315227542684 0.007835904547430045 0.004673437584822192 0.003686669782516722 0.003538679202098915 0.003713437503523498 0.004012555114097873 0.0043596748792547905 
8.28384091419016e-05 0.00030184137882888836 0.015831211196556845 0.01650315227542684 0.008822890558654189 0.004523686359417671 0.0026399569888388274 0.0019084121454207446 0.0016888396231847186 0.0016911654542522566 0.0017882451018337484 0.0019253395729000348 
6.226819861361821e-05 0.0006302524708212087 0.006678873464421753 0.007835904547430045 0.004523686359417671 0.002518705064926563 0.0016228334720067685 0.0012872497208750988 0.001209750010505971 0.0012470872540647398 0.0013344709716640148 0.0014433382537538172 
6.673403271606947e-05 0.00026793500812032225 0.004949067017729365 0.004673437584822192 0.0026399569888388274 0.0016228334720067685 0.001245548556927776 0.0011601745098085434 0.0012010395329707592 0.001295626148095695 0.0014128688990800158 0.001539600946880652 
7.706375254703837e-05 -8.130023557790425e-05 0.005217478350287492 0.003686669782516722 0.0019084121454207446 0.0012872497208750988 0.0011601745098085434 0.0012132702613221347 0.0013309694338363156 0.0014718807024203993 0.0016211781158125447 0.0017735258967111146 
8.828896086983523e-05 -0.0003165262438853403 0.005944238315479227 0.003538679202098915 0.0016888396231847186 0.001209750010505971 0.0012010395329707592 0.0013309694338363156 0.0014984703439354916 0.0016747505129231523 0.0018523650107570902 0.0020297566157628983 
9.93660881968541e-05 -0.00046711520210876575 0.006733697689512445 0.003713437503523498 0.0016911654542522566 0.0012470872540647398 0.001295626148095695 0.0014718807024203993 0.0016747505129231523 0.0018797226662971612 0.002082548434759526 0.002283472784699454 
0.00011020660494758749 -0.0005698546172204846 0.007505293105392696 0.004012555114097873 0.0017882451018337484 0.0013344709716640148 0.0014128688990800158 0.0016211781158125447 0.0018523650107570902 0.002082548434759526 0.0023087756512599066 0.0025321774888070873 
0.00012089039605699717 -0.0006484365798542848 0.008254446671083387 0.0043596748792547905 0.0019253395729000348 0.0014433382537538172 0.001539600946880652 0.0017735258967111146 0.0020297566157628983 0.002283472784699454 0.0025321774888070873 0.0027774762387004423 
