2.818646920829847e-07 3.3807402400417112e-06 3.780326633696957e-05 1.6047053345301708e-05 5.907984735095177e-06 3.6390915989689026e-06 3.6017835300273487e-06 4.106695090724903e-06 4.70973887460696e-06 5.311038721409746e-06 5.897386215274396e-06 6.472794489229271e-06 
3.3807402400417112e-06 0.0008554493393680934 0.0012309450824424667 0.0005739902770927003 0.00030711562408842976 0.0001666408149267334 0.00010177977334945685 7.581630612421282e-05 6.815586553548214e-05 6.871293165195044e-05 7.285144841562558e-05 7.851862224873794e-05 
3.780326633696957e-05 0.0012309450824424667 0.01143018623856282 0.005101376832335605 0.0017759203705734188 0.0008005872455735218 0.0005798255956907669 0.0005797505488161524 0.0006399009943313221 0.0007144546953383174 0.0007914139519499682 0.000868173583917591 
1.6047053345301708e-05 0.0005739902770927003 0.005101376832335605 0.003054876554842491 0.0013222260893410442 0.0006237966036221204 0.0003774928698081312 0.0003045322285296427 0.00029696764701533056 0.0003140628903707163 0.0003404731743549937 0.00037040920501577864 
5.907984735095177e-06 0.00030711562408842976 0.0017759203705734188 0.0013222260893410442 0.0006534989500470179 0.00032196893608271634 0.00018417223949102708 0.00013296499197713258 0.00011860403878530039 0.00011964764085405838 0.00012706241500904235 0.0001370907688258996 
3.6390915989689026e-06 0.0001666408149267334 0.0008005872455735218 0.0006237966036221204 0.00032196893608271634 0.00016643267906835325 0.00010094626002152633 7.701119950907458e-05 7.114235331828819e-05 7.294985149463437e-05 7.797271717038043e-05 8.432806270117206e-05 
3.6017835300273487e-06 0.00010177977334945685 0.0005798255956907669 0.0003774928698081312 0.00018417223949102708 0.00010094626002152633 7.129469596656017e-05 6.375076320462252e-05 6.508425060931747e-05 6.995812843969497e-05 7.623919535207894e-05 8.307817159470621e-05 
4.106695090724903e-06 7.581630612421282e-05 0.0005797505488161524 0.0003045322285296427 0.00013296499197713258 7.701119950907458e-05 6.375076320462252e-05 6.49053342582755e-05 7.083813660365774e-05 7.833155314618658e-05 8.632503140263933e-05 9.447455436252603e-05 
4.70973887460696e-06 6.815586553548214e-05 0.0006399009943313221 0.00029696764701533056 0.00011860403878530039 7.114235331828819e-05 6.508425060931747e-05 7.083813660365774e-05 7.967077245914458e-05 8.916263575416563e-05 9.87182939387386e-05 0.00010822962234345709 
5.311038721409746e-06 6.871293165195044e-05 0.0007144546953383174 0.0003140628903707163 0.00011964764085405838 7.294985149463437e-05 6.995812843969497e-05 7.833155314618658e-05 8.916263575416563e-05 0.00010025419488938273 0.00011119834000385172 0.00012199587972051112 
5.897386215274396e-06 7.285144841562558e-05 0.0007914139519499682 0.0003404731743549937 0.00012706241500904235 7.797271717038043e-05 7.623919535207894e-05 8.632503140263933e-05 9.87182939387386e-05 0.00011119834000385172 0.00012342221764301086 0.00013544240324632844 
6.472794489229271e-06 7.851862224873794e-05 0.000868173583917591 0.00037040920501577864 0.0001370907688258996 8.432806270117206e-05 8.307817159470621e-05 9.447455436252603e-05 0.00010822962234345709 0.00012199587972051112 0.00013544240324632844 0.00014864824560195084 
