1.1421300139540627e-06 5.890855235592302e-06 0.0001520459850622458 7.331420868907348e-05 2.8383563838797997e-05 1.66492905395329e-05 1.536475326027148e-05 1.69429611195125e-05 1.920020956555884e-05 2.1564329147070248e-05 2.391270823130492e-05 2.623402019310618e-05 
5.890855235592302e-06 0.004260112372965984 0.003616808576085562 0.0010706204059662196 0.000714666610071234 0.0004374245379442412 0.00026470272028255193 0.0001777019637767384 0.0001409705424541219 0.0001300914853032625 0.00013163009061011613 0.00013888758062986808 
0.0001520459850622458 0.003616808576085562 0.044302965391481715 0.02322308259874239 0.009015772389814181 0.004152265057862639 0.0027546966216986483 0.002514519569121887 0.002650319526565192 0.0029049718148589795 0.0031957555279171295 0.0034968638430718938 
7.331420868907348e-05 0.0010706204059662196 0.02322308259874239 0.014862408174556996 0.006407478177999057 0.0029673063532218587 0.0017572886259454052 0.0013981676725642964 0.0013568906634193402 0.0014338410150415354 0.0015546801216623852 0.0016917824727858185 
2.8383563838797997e-05 0.000714666610071234 0.009015772389814181 0.006407478177999057 0.0029655013500669487 0.001408785435289363 0.0008061540570919291 0.0005991416218264317 0.0005510610311154215 0.0005663079091106574 0.000606681378623233 0.0006569920749062222 
1.66492905395329e-05 0.0004374245379442412 0.004152265057862639 0.0029673063532218587 0.001408785435289363 0.0006981185463893303 0.00042380826227483013 0.0003327592770010253 0.00031614928320211226 0.00032950152485314993 0.00035485519292293945 0.00038499818260695105 
1.536475326027148e-05 0.00026470272028255193 0.0027546966216986483 0.0017572886259454052 0.0008061540570919291 0.00042380826227483013 0.0002961434223348369 0.0002669068567759845 0.0002749719559965913 0.0002971360598420681 0.00032462796310433757 0.00035413342112858905 
1.69429611195125e-05 0.0001777019637767384 0.002514519569121887 0.0013981676725642964 0.0005991416218264317 0.0003327592770010253 0.0002669068567759845 0.0002685174560886418 0.00029223990418579917 0.0003230475478052043 0.00035605670957792294 0.0003897191974164609 
1.920020956555884e-05 0.0001409705424541219 0.002650319526565192 0.0013568906634193402 0.0005510610311154215 0.00031614928320211226 0.0002749719559965913 0.00029223990418579917 0.00032599423492570006 0.0003638921746387594 0.00040257439878438285 0.0004412592627144603 
2.1564329147070248e-05 0.0001300914853032625 0.0029049718148589795 0.0014338410150415354 0.0005663079091106574 0.00032950152485314993 0.0002971360598420681 0.0003230475478052043 0.0003638921746387594 0.0004077428172593034 0.0004517412948300156 0.000495424038730334 
2.391270823130492e-05 0.00013163009061011613 0.0031957555279171295 0.0015546801216623852 0.000606681378623233 0.00035485519292293945 0.00032462796310433757 0.00035605670957792294 0.00040257439878438285 0.0004517412948300156 0.0005007652129540597 0.0005493047160533666 
2.623402019310618e-05 0.00013888758062986808 0.0034968638430718938 0.0016917824727858185 0.0006569920749062222 0.00038499818260695105 0.00035413342112858905 0.0003897191974164609 0.0004412592627144603 0.000495424038730334 0.0005493047160533666 0.000602597978430332 
