2.1407203749418736e-06 6.415603923646894e-06 0.0001329028299381172 0.00016775155445365313 2.766459331968999e-05 1.8111515550643717e-05 2.4649134800826098e-05 3.086504558435845e-05 3.5967371618099204e-05 4.0538493113280945e-05 4.4913827108968164e-05 4.9224276975714345e-05 
6.415603923646894e-06 1.92282047646197e-05 0.00039830134548683147 0.0005011814849530958 8.329183403195835e-05 5.460045064397571e-05 7.401576993734751e-05 9.255459802839816e-05 0.00010781057064889488 0.00012149742004856077 0.00013460584898285729 0.00014752265624248567 
0.0001329028299381172 0.00039830134548683147 0.0653553277935363 0.02287862564069824 0.008453851789479603 0.003537965805471096 0.002278536606339597 0.0021321558226632896 0.002292670412209184 0.002532794946130631 0.0027926131865166543 0.003057093868138128 
0.00016775155445365313 0.0005011814849530958 0.02287862564069824 0.04401062648388165 0.00883603434851628 0.0026240132739479617 0.002111130516318207 0.002431606988312318 0.002813244236412307 0.003173105554326543 0.0035180384363074904 0.0038567790927397146 
2.766459331968999e-05 8.329183403195835e-05 0.008453851789479603 0.00883603434851628 0.004733651584414536 0.0018872099361137758 0.0008605033864064185 0.0005651427631384247 0.000513909265355547 0.0005380376854256072 0.0005844414335916523 0.000637255715702716 
1.8111515550643717e-05 5.460045064397571e-05 0.003537965805471096 0.0026240132739479617 0.0018872099361137758 0.0008651245763858489 0.0004571118101362602 0.0003405646790741717 0.0003284855692590751 0.00035012429361216474 0.00038206583968307037 0.00041705455080300654 
2.4649134800826098e-05 7.401576993734751e-05 0.002278536606339597 0.002111130516318207 0.0008605033864064185 0.0004571118101362602 0.0003731198639267161 0.00038446384027114534 0.0004231212895669719 0.0004694627295523942 0.0005179433739950526 0.0005670160555934826 
3.086504558435845e-05 9.255459802839816e-05 0.0021321558226632896 0.002431606988312318 0.0005651427631384247 0.0003405646790741717 0.00038446384027114534 0.0004545978493494347 0.0005215693422296796 0.0005853885959904283 0.0006478368187549824 0.0007097963358575994 
3.5967371618099204e-05 0.00010781057064889488 0.002292670412209184 0.002813244236412307 0.000513909265355547 0.0003284855692590751 0.0004231212895669719 0.0005215693422296796 0.0006052468711683073 0.0006813942452191369 0.0007547057717649047 0.0008270678741790656 
4.0538493113280945e-05 0.00012149742004856077 0.002532794946130631 0.003173105554326543 0.0005380376854256072 0.00035012429361216474 0.0004694627295523942 0.0005853885959904283 0.0006813942452191369 0.0007677585535676192 0.0008505523454342402 0.0009321602537437028 
4.4913827108968164e-05 0.00013460584898285729 0.0027926131865166543 0.0035180384363074904 0.0005844414335916523 0.00038206583968307037 0.0005179433739950526 0.0006478368187549824 0.0007547057717649047 0.0008505523454342402 0.0009423316871179357 0.0010327624521458835 
4.9224276975714345e-05 0.00014752265624248567 0.003057093868138128 0.0038567790927397146 0.000637255715702716 0.00041705455080300654 0.0005670160555934826 0.0007097963358575994 0.0008270678741790656 0.0009321602537437028 0.0010327624521458835 0.0011318764204439379 
