1.6457939849507555e-06 4.933237430627982e-06 0.00010676754509922132 0.00014748972499842994 3.183487282259535e-05 1.7837825352308364e-05 2.0247356898342552e-05 2.41363564622043e-05 2.777557712904468e-05 3.120293699633999e-05 3.4540695737626756e-05 3.784693224721566e-05 
4.933237430627982e-06 1.4787971756380564e-05 0.00032115550356529146 0.0004420238045193643 9.60415495421847e-05 5.380034039341089e-05 6.082372297020685e-05 7.239552746456383e-05 8.327259113643524e-05 9.353532002699293e-05 0.00010353669874270902 0.00011344597862162723 
0.00010676754509922132 0.00032115550356529146 0.0470193225224798 0.021581139611895048 0.007624447996918221 0.0031395353306563935 0.0019524632119663475 0.001761701911655591 0.0018602326077605928 0.002041295445497009 0.0022456927357606253 0.0024566590710507043 
0.00014748972499842994 0.0004420238045193643 0.021581139611895048 0.03946902252843507 0.008444089813674688 0.0026671457919458623 0.002010629208825736 0.0021969576759806576 0.00249443474201373 0.0027969405726286653 0.0030954293912909894 0.003391675143559236 
3.183487282259535e-05 9.60415495421847e-05 0.007624447996918221 0.008444089813674688 0.003891450773005195 0.001578156816620814 0.0008024324073529869 0.0005958736107263036 0.0005763898410575519 0.0006151654261654345 0.0006715155087986927 0.0007330592920766569 
1.7837825352308364e-05 5.380034039341089e-05 0.0031395353306563935 0.0026671457919458623 0.001578156816620814 0.0007248594643903878 0.0004075493163767606 0.00032273850072458217 0.00032000014441174274 0.0003438990792287841 0.00037605291033799784 0.00041069276104072696 
2.0247356898342552e-05 6.082372297020685e-05 0.0019524632119663475 0.002010629208825736 0.0008024324073529869 0.0004075493163767606 0.00031737893836702915 0.00031946889521807377 0.00034876780534646783 0.0003860161004968445 0.00042557316179985005 0.00046579788558257776 
2.41363564622043e-05 7.239552746456383e-05 0.001761701911655591 0.0021969576759806576 0.0005958736107263036 0.00032273850072458217 0.00031946889521807377 0.00036147721269647916 0.0004097105626700339 0.0004583289594933855 0.0005067717519707831 0.000555106898793636 
2.777557712904468e-05 8.327259113643524e-05 0.0018602326077605928 0.00249443474201373 0.0005763898410575519 0.00032000014441174274 0.00034876780534646783 0.0004097105626700339 0.0004695117344115523 0.0005268332209630848 0.0005830022109869839 0.0006387518683116456 
3.120293699633999e-05 9.353532002699293e-05 0.002041295445497009 0.0027969405726286653 0.0006151654261654345 0.0003438990792287841 0.0003860161004968445 0.0004583289594933855 0.0005268332209630848 0.0005916537073589985 0.0006548853212538324 0.0007175538818850306 
3.4540695737626756e-05 0.00010353669874270902 0.0022456927357606253 0.0030954293912909894 0.0006715155087986927 0.00037605291033799784 0.00042557316179985005 0.0005067717519707831 0.0005830022109869839 0.0006548853212538324 0.0007249207951316636 0.0007943050832017715 
3.784693224721566e-05 0.00011344597862162723 0.0024566590710507043 0.003391675143559236 0.0007330592920766569 0.00041069276104072696 0.00046579788558257776 0.000555106898793636 0.0006387518683116456 0.0007175538818850306 0.0007943050832017715 0.0008703344613073549 
