3.0820110969153655e-06 9.233371002326518e-06 0.00030221599913426165 0.00024225171261542917 3.7168380745296064e-05 2.4829554601589055e-05 3.498208907787586e-05 4.424540979784849e-05 5.1713706248250424e-05 5.83397708462732e-05 6.465478642028437e-05 7.08659447716761e-05 
9.233371002326518e-06 2.766366286211187e-05 0.0009057640709997442 0.0007249835716634294 0.00011242207833164555 7.501528755930779e-05 0.00010506310222345997 0.00013264952151568115 0.0001549610978586705 0.00017479025083735102 0.0001937021130187185 0.00021230774259335542 
0.00030221599913426165 0.0009057640709997442 0.13858920223684595 0.040912801876139354 0.011818228133612696 0.0054617861439468125 0.004413773488075212 0.004637965726305173 0.005158605953963 0.005745718600851552 0.006346948942140537 0.00695092412581793 
0.00024225171261542917 0.0007249835716634294 0.040912801876139354 0.07871453844398936 0.012381167507146443 0.002909587350716777 0.0026916122626705285 0.0034000607375379746 0.004031810559900009 0.004574423982394064 0.005078537533496155 0.005569184665589438 
3.7168380745296064e-05 0.00011242207833164555 0.011818228133612696 0.012381167507146443 0.007459385953719095 0.0031084522398683173 0.0013875960801263418 0.0008427561891806665 0.0007186055956018319 0.000731956895539392 0.0007880597131995136 0.0008570448874182717 
2.4829554601589055e-05 7.501528755930779e-05 0.0054617861439468125 0.002909587350716777 0.0031084522398683173 0.0015035528901660143 0.0007559294219350914 0.0005126220801832782 0.00046537734959621195 0.0004847320710281205 0.0005252325225331332 0.000572184914162973 
3.498208907787586e-05 0.00010506310222345997 0.004413773488075212 0.0026916122626705285 0.0013875960801263418 0.0007559294219350914 0.0005731449065120638 0.0005608837652810061 0.0006054361768213739 0.0006677918111211215 0.0007355254724898889 0.0008048452179037263 
4.424540979784849e-05 0.00013264952151568115 0.004637965726305173 0.0034000607375379746 0.0008427561891806665 0.0005126220801832782 0.0005608837652810061 0.000654888898234413 0.0007486375002475491 0.0008394307138955237 0.0009287533830978662 0.0010175196704039224 
5.1713706248250424e-05 0.0001549610978586705 0.005158605953963 0.004031810559900009 0.0007186055956018319 0.00046537734959621195 0.0006054361768213739 0.0007486375002475491 0.000869697511019973 0.0009795031589204769 0.0010850382524269524 0.0011891281347828795 
5.83397708462732e-05 0.00017479025083735102 0.005745718600851552 0.004574423982394064 0.000731956895539392 0.0004847320710281205 0.0006677918111211215 0.0008394307138955237 0.0009795031589204769 0.001104507971813745 0.0012239147687708076 0.0013414469208602707 
6.465478642028437e-05 0.0001937021130187185 0.006346948942140537 0.005078537533496155 0.0007880597131995136 0.0005252325225331332 0.0007355254724898889 0.0009287533830978662 0.0010850382524269524 0.0012239147687708076 0.0013563525957283984 0.0014866390537220616 
7.08659447716761e-05 0.00021230774259335542 0.00695092412581793 0.005569184665589438 0.0008570448874182717 0.000572184914162973 0.0008048452179037263 0.0010175196704039224 0.0011891281347828795 0.0013414469208602707 0.0014866390537220616 0.001629451224270186 
