2.896266558987597e-06 8.693601948490092e-06 0.00023252521064703638 0.00017100258843147855 3.350724797562856e-05 2.7735572173953265e-05 3.547860336528653e-05 4.268759814357778e-05 4.900956221799305e-05 5.496618177527528e-05 6.080506491500351e-05 6.660995304844534e-05 
8.693601948490092e-06 2.610103597750309e-05 0.000700054215512677 0.000509602194763176 0.00010182317541087222 8.418683263524699e-05 0.00010690138791327118 0.00012828405841462065 0.00014716137172950323 0.00016500645280662391 0.00018252131857542567 0.00019994194652032794 
0.00023252521064703638 0.000700054215512677 0.10154563262813973 0.02874636513514315 0.012126597465132307 0.005869681175410834 0.004043958448514183 0.0037907331448346236 0.004040546676413428 0.004442904004429226 0.0048900367986524735 0.00535003339600328 
0.00017100258843147855 0.000509602194763176 0.02874636513514315 0.048090274890078194 0.006976422054731679 0.001587958110181112 0.0017565806360162646 0.0023526782191916453 0.0028301587574745494 0.003223802493828796 0.0035831902232303066 0.003930687160649493 
3.350724797562856e-05 0.00010182317541087222 0.012126597465132307 0.006976422054731679 0.005583953595672983 0.002508566981544376 0.0011716283804085004 0.0007375302339288752 0.0006414634480446065 0.0006580192584946912 0.0007099010373053786 0.0007724698741410496 
2.7735572173953265e-05 8.418683263524699e-05 0.005869681175410834 0.001587958110181112 0.002508566981544376 0.0013322619325265579 0.0007338040228825563 0.000539466812428628 0.0005102630656521704 0.0005387597611783125 0.0005859533086923196 0.0006389458232007511 
3.547860336528653e-05 0.00010690138791327118 0.004043958448514183 0.0017565806360162646 0.0011716283804085004 0.0007338040228825563 0.0005835612357933089 0.0005730007588228452 0.0006162042224903551 0.000678158009395453 0.0007462885109913558 0.0008163788891242356 
4.268759814357778e-05 0.00012828405841462065 0.0037907331448346236 0.0023526782191916453 0.0007375302339288752 0.000539466812428628 0.0005730007588228452 0.0006461573632552477 0.0007277569021182967 0.0008117982572892948 0.0008966930813469258 0.0009818995596683686 
4.900956221799305e-05 0.00014716137172950323 0.004040546676413428 0.0028301587574745494 0.0006414634480446065 0.0005102630656521704 0.0006162042224903551 0.0007277569021182967 0.0008310555624960265 0.0009306519548961253 0.0010290816762403418 0.0011271967017161659 
5.496618177527528e-05 0.00016500645280662391 0.004442904004429226 0.003223802493828796 0.0006580192584946912 0.0005387597611783125 0.000678158009395453 0.0008117982572892948 0.0009306519548961253 0.0010433294002583358 0.0011540259378958067 0.0012641576819618031 
6.080506491500351e-05 0.00018252131857542567 0.0048900367986524735 0.0035831902232303066 0.0007099010373053786 0.0005859533086923196 0.0007462885109913558 0.0008966930813469258 0.0010290816762403418 0.0011540259378958067 0.0012765743663514827 0.0013984332719327172 
6.660995304844534e-05 0.00019994194652032794 0.00535003339600328 0.003930687160649493 0.0007724698741410496 0.0006389458232007511 0.0008163788891242356 0.0009818995596683686 0.0011271967017161659 0.0012641576819618031 0.0013984332719327172 0.0015319341748076198 
