3.2739846332908216e-07 9.820196952363345e-07 5.241108239353598e-05 4.24026597730893e-05 1.0316993403972473e-05 4.710916925104481e-06 4.361262233909042e-06 4.896147727077931e-06 5.552115440965015e-06 6.2147136508033635e-06 6.87329626787652e-06 7.52949410403543e-06 
9.820196952363345e-07 2.945538358654316e-06 0.0001572125646734495 0.00012715789449154954 3.095293642625812e-05 1.4136132031847766e-05 1.3084022918243289e-05 1.4686762118680262e-05 1.6653686643759485e-05 1.8640908756307938e-05 2.0616232351904678e-05 2.2584451438813116e-05 
5.241108239353598e-05 0.0001572125646734495 0.012157716481990738 0.007878527628244727 0.0020532430608147232 0.0008793609411971605 0.0007339653578625712 0.0007934968120399531 0.0008913325435974144 0.0009955120547878733 0.0011004578215497325 0.001205384805718382 
4.24026597730893e-05 0.00012715789449154954 0.007878527628244727 0.008711784141145205 0.0018454415046168368 0.0006558001803394954 0.00055771690008283 0.0006280872582793968 0.000716582091142899 0.0008040365475816334 0.0008899184155252323 0.0009750936451307703 
1.0316993403972473e-05 3.095293642625812e-05 0.0020532430608147232 0.0018454415046168368 0.0005966606860059898 0.0002451078825346606 0.00016817238146569428 0.00016353379581197862 0.00017764798194685652 0.00019660375276488762 0.00021680623437530985 0.00023732929130941096 
4.710916925104481e-06 1.4136132031847766e-05 0.0008793609411971605 0.0006558001803394954 0.0002451078825346606 0.00011050911738984141 7.771521335905924e-05 7.520843745530412e-05 8.132492996266603e-05 8.984271236784429e-05 9.901947774177235e-05 0.00010837528260568833 
4.361262233909042e-06 1.3084022918243289e-05 0.0007339653578625712 0.00055771690008283 0.00016817238146569428 7.771521335905924e-05 6.352894563893449e-05 6.698480246160905e-05 7.44990932641754e-05 8.294528541175308e-05 9.160487985890568e-05 0.00010031315261231738 
4.896147727077931e-06 1.4686762118680262e-05 0.0007934968120399531 0.0006280872582793968 0.00016353379581197862 7.520843745530412e-05 6.698480246160905e-05 7.379978482139916e-05 8.320907837265859e-05 9.299239122280263e-05 0.00010280355893669888 0.0001126057765916071 
5.552115440965015e-06 1.6653686643759485e-05 0.0008913325435974144 0.000716582091142899 0.00017764798194685652 8.132492996266603e-05 7.44990932641754e-05 8.320907837265859e-05 9.420990983069367e-05 0.00010540748539844235 0.0001165641441584705 0.0001276886743953264 
6.2147136508033635e-06 1.8640908756307938e-05 0.0009955120547878733 0.0008040365475816334 0.00019660375276488762 8.984271236784429e-05 8.294528541175308e-05 9.299239122280263e-05 0.00010540748539844235 0.00011797337330141707 0.00013047112976706982 0.00014292610710838198 
6.87329626787652e-06 2.0616232351904678e-05 0.0011004578215497325 0.0008899184155252323 0.00021680623437530985 9.901947774177235e-05 9.160487985890568e-05 0.00010280355893669888 0.0001165641441584705 0.00013047112976706982 0.00014429616480086962 0.00015807186136534496 
7.52949410403543e-06 2.2584451438813116e-05 0.001205384805718382 0.0009750936451307703 0.00023732929130941096 0.00010837528260568833 0.00010031315261231738 0.0001126057765916071 0.0001276886743953264 0.00014292610710838198 0.00015807186136534496 0.00017316297920962363 
