0.3023398649246156 -0.2338891443086228 -0.0647385198328907 -0.013583388580031233 -0.0794718849059911 -0.006360959544844869 0.14959712323662822 0.24893912053664655 0.2856403822818905 0.2971550011737183 0.300709332498306 0.30183299217460774 
-0.2338891443086228 13.182211475584321 -0.0816691685059127 -0.10509020160654227 0.16558473440263027 0.37197091308906016 0.2376243764998402 0.0010190366716449765 -0.13626227051423506 -0.19597601630135808 -0.21997013113219793 -0.2294152255772465 
-0.0647385198328907 -0.0816691685059127 0.06798012427397405 -0.008985691296541247 0.01766151573227174 0.001386162149012292 -0.03465476221493853 -0.055570988144287445 -0.062362719836802485 -0.06415631517535814 -0.06459658484500036 -0.06469861504131975 
-0.013583388580031233 -0.10509020160654227 -0.008985691296541247 0.059409352191168684 0.019981520027899203 -0.0016176986204643178 -0.011007601284651648 -0.013291094483642539 -0.013612214647518339 -0.013619813064705756 -0.013598162591224167 -0.01358273591673086 
-0.0794718849059911 0.16558473440263027 0.01766151573227174 0.019981520027899203 0.054565750155490436 0.03776290753260607 -0.01751023565166875 -0.056553777456697804 -0.07195671428443359 -0.07704467669262388 -0.07868137576386795 -0.07921536991258166 
-0.006360959544844869 0.37197091308906016 0.001386162149012292 -0.0016176986204643178 0.03776290753260607 0.052482644286573225 0.03309368669355367 0.01086095463393909 3.95067607606928e-05 -0.004084266817510201 -0.0055661706970628185 -0.006095335189697361 
0.14959712323662822 0.2376243764998402 -0.03465476221493853 -0.011007601284651648 -0.01751023565166875 0.03309368669355367 0.10088013835352466 0.13567954276257482 0.14620288604856302 0.14882362544468097 0.1494296344619165 0.14956001679475273 
0.24893912053664655 0.0010190366716449765 -0.055570988144287445 -0.013291094483642539 -0.056553777456697804 0.01086095463393909 0.13567954276257482 0.21098638308870896 0.2375898346756486 0.24556992344981096 0.24792121455627367 0.24863000481773198 
0.2856403822818905 -0.13626227051423506 -0.062362719836802485 -0.013612214647518339 -0.07195671428443359 3.95067607606928e-05 0.14620288604856302 0.2375898346756486 0.2708389758012241 0.2811126503640952 0.28423478495919224 0.28520640792145574 
0.2971550011737183 -0.19597601630135808 -0.06415631517535814 -0.013619813064705756 -0.07704467669262388 -0.004084266817510201 0.14882362544468097 0.24556992344981096 0.2811126503640952 0.292201412249301 0.29560462925891245 0.2966742880161327 
0.300709332498306 -0.21997013113219793 -0.06459658484500036 -0.013598162591224167 -0.07868137576386795 -0.0055661706970628185 0.1494296344619165 0.24792121455627367 0.28423478495919224 0.29560462925891245 0.29910695165907075 0.30021184848875315 
0.30183299217460774 -0.2294152255772465 -0.06469861504131975 -0.01358273591673086 -0.07921536991258166 -0.006095335189697361 0.14956001679475273 0.24863000481773198 0.28520640792145574 0.2966742880161327 0.30021184848875315 0.30132948444384267 
