0.057681444180093855 -0.04264195637096348 0.01566881107814771 0.017514697074300256 0.012927583278548836 0.01362950367688567 0.02434237902673478 0.040265350823530346 0.050840428634374754 0.05531743807951278 0.056897444173253944 0.057424011658038634 
-0.04264195637096348 0.35936441188024243 0.02405920789602583 0.013211200007966089 0.026419156834032096 0.031677657250712386 0.017811837322585126 -0.00907079292127479 -0.028730132086834465 -0.03759828164903921 -0.040894500309975476 -0.04204452452211861 
0.01566881107814771 0.02405920789602583 0.0190884228500443 0.018475156264191526 0.018686398171215417 0.018592525278650317 0.017854027029948035 0.016797442837210477 0.016107410638447832 0.01581882768605945 0.015718070828966205 0.015684829864489203 
0.017514697074300256 0.013211200007966089 0.018475156264191526 0.018933089760506245 0.018689768634755254 0.018344767227121462 0.01795215741970397 0.017663613324768436 0.01754753154557922 0.017518612697515704 0.01751389363528402 0.01751383546354968 
0.012927583278548836 0.026419156834032096 0.018686398171215417 0.018689768634755254 0.019422002661440993 0.019355995169960043 0.017813723548671438 0.015489554081203297 0.013937222226116607 0.013277498436678675 0.013043933685209832 0.012965877874558523 
0.01362950367688567 0.031677657250712386 0.018592525278650317 0.018344767227121462 0.019355995169960043 0.019615634309634093 0.018367904035633688 0.01619447261207964 0.014666910490481452 0.01399694014677353 0.013753971867725149 0.01367113838199939 
0.02434237902673478 0.017811837322585126 0.017854027029948035 0.01795215741970397 0.017813723548671438 0.018367904035633688 0.0200920515021219 0.022239645411341727 0.0235558802584978 0.02408248194688299 0.024259682267625773 0.024316256465341742 
0.040265350823530346 -0.00907079292127479 0.016797442837210477 0.017663613324768436 0.015489554081203297 0.01619447261207964 0.022239645411341727 0.03093246114432474 0.0366276613407317 0.039016876576400863 0.039853848140496584 0.04013098658358383 
0.050840428634374754 -0.028730132086834465 0.016107410638447832 0.01754753154557922 0.013937222226116607 0.014666910490481452 0.0235558802584978 0.0366276613407317 0.045271458777337306 0.04892021118168968 0.050204865131736415 0.05063211323212789 
0.05531743807951278 -0.03759828164903921 0.01581882768605945 0.017518612697515704 0.013277498436678675 0.01399694014677353 0.02408248194688299 0.039016876576400863 0.04892021118168968 0.05310851690134809 0.054585389647517774 0.05507722076058828 
0.056897444173253944 -0.040894500309975476 0.015718070828966205 0.01751389363528402 0.013043933685209832 0.013753971867725149 0.024259682267625773 0.039853848140496584 0.050204865131736415 0.054585389647517774 0.056130872171235774 0.056645794550382475 
0.057424011658038634 -0.04204452452211861 0.015684829864489203 0.01751383546354968 0.012965877874558523 0.01367113838199939 0.024316256465341742 0.04013098658358383 0.05063211323212789 0.05507722076058828 0.056645794550382475 0.057168500452531246 
