0.04060108047299711 -0.04159457091966035 -0.0002174078845464441 0.0012088388589090078 -0.002874149249661611 -0.0018149707583979737 0.008752002687126758 0.024083731708976253 0.03415741903545875 0.038388979921941555 0.03987212212897072 0.04036320861528526 
-0.04159457091966035 0.2134985687981014 0.008122983990784679 -0.0006747642552466927 0.008380759768952015 0.011650651792365463 0.001319078811810945 -0.017973013690730778 -0.03188889096390452 -0.038104765404781644 -0.040395135996494705 -0.04118768376846327 
-0.0002174078845464441 0.008122983990784679 0.003284325294915352 0.0026596753587217513 0.002943324299370849 0.0028892710713304256 0.0021281858380566955 0.0010031201697031724 0.00025956033074808543 -5.3577453743753906e-05 -0.00016343939017128767 -0.0001998149913303264 
0.0012088388589090078 -0.0006747642552466927 0.0026596753587217513 0.0031098042075780835 0.002970590805532557 0.0026538503723734243 0.0021356169055000308 0.0016245574004543073 0.0013505473822300262 0.0012517154236488745 0.001221385756593288 0.0012124991232747163 
-0.002874149249661611 0.008380759768952015 0.002943324299370849 0.002970590805532557 0.003671643275048377 0.0035593160665535876 0.0019808964450221157 -0.0003468937852345996 -0.0018854764962854082 -0.0025340287900313396 -0.002761895280876202 -0.0028374782469915627 
-0.0018149707583979737 0.011650651792365463 0.0028892710713304256 0.0026538503723734243 0.0035593160665535876 0.0037448535220653786 0.0025405654779371723 0.000518274105575223 -0.0008811555740843007 -0.001487706804114048 -0.0017052835425929733 -0.0017786696806184974 
0.008752002687126758 0.001319078811810945 0.0021281858380566955 0.0021356169055000308 0.0019808964450221157 0.0025405654779371723 0.004316673608509675 0.00654703778766409 0.007922409784259326 0.008476011453180707 0.008663523794066388 0.008723824252453778 
0.024083731708976253 -0.017973013690730778 0.0010031201697031724 0.0016245574004543073 -0.0003468937852345996 0.000518274105575223 0.00654703778766409 0.015055428832496045 0.020583234251424214 0.02288829963571614 0.02369158281336742 0.02395627502027403 
0.03415741903545875 -0.03188889096390452 0.00025956033074808543 0.0013505473822300262 -0.0018854764962854082 -0.0008811555740843007 0.007922409784259326 0.020583234251424214 0.02887230173829528 0.03234609812894033 0.033561407160587725 0.03396318263653008 
0.038388979921941555 -0.038104765404781644 -5.3577453743753906e-05 0.0012517154236488745 -0.0025340287900313396 -0.001487706804114048 0.008476011453180707 0.02288829963571614 0.03234609812894033 0.03631570364482607 0.03770612753332628 0.038166257782639094 
0.03987212212897072 -0.040395135996494705 -0.00016343939017128767 0.001221385756593288 -0.002761895280876202 -0.0017052835425929733 0.008663523794066388 0.02369158281336742 0.033561407160587725 0.03770612753332628 0.03915849352706752 0.039639292728838205 
0.04036320861528526 -0.04118768376846327 -0.0001998149913303264 0.0012124991232747163 -0.0028374782469915627 -0.0017786696806184974 0.008723824252453778 0.02395627502027403 0.03396318263653008 0.038166257782639094 0.039639292728838205 0.040126997072306145 
