0.356784495960791 -0.07420412934351087 -0.07652475170451863 0.010714294186340846 -0.08093689110426733 0.012663835246015786 0.1934765112455701 0.3023011886039469 0.34054581998478994 0.3519794860697809 0.35535165119906414 0.35637528497034565 
-0.07420412934351087 19.500734504498045 -0.10592107357275961 -0.1358215577642545 0.23583064486385144 0.5813831439219584 0.48619721972396834 0.21452315313989886 0.04618287397760993 -0.028853585360309644 -0.059306088124379874 -0.07133095269042782 
-0.07652475170451863 -0.10592107357275961 0.07117672555267329 -0.016377147746430922 0.011913688560059373 -0.009574603518431117 -0.04811367043866681 -0.06863022386092825 -0.07473478732334518 -0.07616678743525984 -0.07645673459757009 -0.07650138714493443 
0.010714294186340846 -0.1358215577642545 -0.016377147746430922 0.05537743148009831 0.016874307357683922 0.0005187014592099746 0.0015502915956462496 0.006549194665408014 0.009189004677807457 0.010193920070508691 0.010550608941596762 0.010677218650658854 
-0.08093689110426733 0.23583064486385144 0.011913688560059373 0.016874307357683922 0.053195048829437104 0.034965657662169684 -0.020294584672292598 -0.058641546439647904 -0.0736505287139432 -0.07859828934547494 -0.0801947332449802 -0.0807195707296817 
0.012663835246015786 0.5813831439219584 -0.009574603518431117 0.0005187014592099746 0.034965657662169684 0.0582708601995828 0.04859860813632019 0.029866141702197493 0.019431419946849264 0.015135085989080775 0.013506563388502731 0.012901689798568176 
0.1934765112455701 0.48619721972396834 -0.04811367043866681 0.0015502915956462496 -0.020294584672292598 0.04859860813632019 0.13695698210312937 0.17919278378138026 0.19068226685477757 0.1930704485105226 0.19344715971316115 0.19345940437329467 
0.3023011886039469 0.21452315313989886 -0.06863022386092825 0.006549194665408014 -0.058641546439647904 0.029866141702197493 0.17919278378138026 0.26358635540213154 0.2915264468912374 0.2993338801197138 0.3014633421433793 0.3020550497956719 
0.34054581998478994 0.04618287397760993 -0.07473478732334518 0.009189004677807457 -0.0736505287139432 0.019431419946849264 0.19068226685477757 0.2915264468912374 0.3262563845657369 0.33641108432492717 0.3393328665454665 0.3401964714854636 
0.3519794860697809 -0.028853585360309644 -0.07616678743525984 0.010193920070508691 -0.07859828934547494 0.015135085989080775 0.1930704485105226 0.2993338801197138 0.33641108432492717 0.34740934531061857 0.35062531718955775 0.35159268116455855 
0.35535165119906414 -0.059306088124379874 -0.07645673459757009 0.010550608941596762 -0.0801947332449802 0.013506563388502731 0.19344715971316115 0.3014633421433793 0.3393328665454665 0.35062531718955775 0.35394664488405164 0.35495198746078627 
0.35637528497034565 -0.07133095269042782 -0.07650138714493443 0.010677218650658854 -0.0807195707296817 0.012901689798568176 0.19345940437329467 0.3020550497956719 0.3401964714854636 0.35159268116455855 0.35495198746078627 0.35597126748778485 
