0.3305958788786873 -0.06725624216380706 -0.08105916835558763 0.006653272600953194 -0.08022657153842294 0.0051244193397545065 0.17489713599426654 0.2783607601394691 0.31497230387265057 0.3259479113296225 0.3291816840176645 0.3301589921274205 
-0.06725624216380706 11.933108463001554 -0.09004995852615061 -0.10348407670168805 0.1293881330878292 0.3643097447675642 0.30586470553377815 0.12634279961914827 0.014552517775159118 -0.03518378063085644 -0.055261143652222365 -0.0631278750133002 
-0.08105916835558763 -0.09004995852615061 0.07313166293150497 -0.019369184837872876 0.013495400822522149 -0.008692902721844881 -0.04980074285845435 -0.0720988822348484 -0.07891514977952187 -0.08059276586755897 -0.08096774790378032 -0.08104300436551976 
0.006653272600953194 -0.10348407670168805 -0.019369184837872876 0.05060961026371714 0.015590992949877598 0.0007057002582878635 0.00023512789861498742 0.0036097162727830095 0.0055136924791297105 0.0062523730802385834 0.006515660090595836 0.006608816126608508 
-0.08022657153842294 0.1293881330878292 0.013495400822522149 0.015590992949877598 0.048622397800237985 0.02798834977307379 -0.025335184807765254 -0.06071535996294616 -0.07406348487310441 -0.07830172631897232 -0.07961639858745632 -0.08003133146332551 
0.0051244193397545065 0.3643097447675642 -0.008692902721844881 0.0007057002582878635 0.02798834977307379 0.043032320174295174 0.032821621574782266 0.017792995460872797 0.009961955000283214 0.006873157971451589 0.0057431010778777655 0.0053367533113619125 
0.17489713599426654 0.30586470553377815 -0.04980074285845435 0.00023512789861498742 -0.025335184807765254 0.032821621574782266 0.11533643174439841 0.157981638782584 0.17081527395615898 0.1739781720381371 0.17470145533530895 0.1748568261604389 
0.2783607601394691 0.12634279961914827 -0.0720988822348484 0.0036097162727830095 -0.06071535996294616 0.017792995460872797 0.157981638782584 0.2395748798112175 0.26728005196301596 0.2752239406282087 0.277452153382269 0.2780909022301498 
0.31497230387265057 0.014552517775159118 -0.07891514977952187 0.0055136924791297105 -0.07406348487310441 0.009961955000283214 0.17081527395615898 0.26728005196301596 0.30092899435503523 0.31086327181810797 0.3137419697555647 0.3145968643274767 
0.3259479113296225 -0.03518378063085644 -0.08059276586755897 0.0062523730802385834 -0.07830172631897232 0.006873157971451589 0.1739781720381371 0.2752239406282087 0.31086327181810797 0.321487554294667 0.3245987336700157 0.3255329556840588 
0.3291816840176645 -0.055261143652222365 -0.08096774790378032 0.006515660090595836 -0.07961639858745632 0.0057431010778777655 0.17470145533530895 0.277452153382269 0.3137419697555647 0.3245987336700157 0.32779029994120007 0.3287525625116402 
0.3301589921274205 -0.0631278750133002 -0.08104300436551976 0.006608816126608508 -0.08003133146332551 0.0053367533113619125 0.1748568261604389 0.2780909022301498 0.3145968643274767 0.3255329556840588 0.3287525625116402 0.32972478823048623 
