0.28540717791856246 -0.2390186044595605 -0.0734133623509835 0.0065964321796193 -0.06669682459808744 0.002935368987043359 0.1480262843728381 0.23840508065039323 0.2710346702154841 0.281025142039936 0.2840343704310976 0.2849639806428847 
-0.2390186044595605 21.69084144332784 -0.06602777894479327 -0.19144384804017278 0.19859506786657222 0.5024946409236322 0.3479545854505874 0.05126655063874507 -0.12006051772112325 -0.1931630959110386 -0.2217599767875614 -0.2326637600662112 
-0.0734133623509835 -0.06602777894479327 0.06738812973827434 -0.014615234278959504 0.011780355498642434 -0.007450937291043839 -0.04437707385855842 -0.06488493862884154 -0.0713019238130999 -0.07292910043193576 -0.07331003535510923 -0.07339347635779193 
0.0065964321796193 -0.19144384804017278 -0.014615234278959504 0.051088216018191385 0.01185230122053435 -0.004115270264054178 -0.0026717786047590697 0.002462616546485839 0.005101765816843835 0.006083073206095388 0.0064215517115270935 0.006537517110500886 
-0.06669682459808744 0.19859506786657222 0.011780355498642434 0.01185230122053435 0.044302596538077214 0.030536274871948727 -0.01531384336206115 -0.04766980016016103 -0.06043567179115444 -0.06465896629790138 -0.0660217119924046 -0.0664683306186033 
0.002935368987043359 0.5024946409236322 -0.007450937291043839 -0.004115270264054178 0.030536274871948727 0.04894948262359593 0.036743359878598406 0.018517358320267963 0.008944450797357815 0.005137320244289188 0.0037322659784162445 0.003222556047749424 
0.1480262843728381 0.3479545854505874 -0.04437707385855842 -0.0026717786047590697 -0.01531384336206115 0.036743359878598406 0.10381496568597536 0.13648423078576224 0.14563151794576262 0.14763945289931665 0.14800598702242515 0.14804811187498404 
0.23840508065039323 0.05126655063874507 -0.06488493862884154 0.002462616546485839 -0.04766980016016103 0.018517358320267963 0.13648423078576224 0.2053953114845151 0.22891043730692387 0.23569416024275108 0.2376105158070762 0.23816409035355943 
0.2710346702154841 -0.12006051772112325 -0.0713019238130999 0.005101765816843835 -0.06043567179115444 0.008944450797357815 0.14563151794576262 0.22891043730692387 0.25840853095924876 0.2672642189625072 0.2698772595819187 0.27066782649599785 
0.281025142039936 -0.1931630959110386 -0.07292910043193576 0.006083073206095388 -0.06465896629790138 0.005137320244289188 0.14763945289931665 0.23569416024275108 0.2672642189625072 0.276861139537398 0.27973022862080166 0.28060986400383886 
0.2840343704310976 -0.2217599767875614 -0.07331003535510923 0.0064215517115270935 -0.0660217119924046 0.0037322659784162445 0.14800598702242515 0.2376105158070762 0.2698772595819187 0.27973022862080166 0.2826897140587272 0.28360135777765116 
0.2849639806428847 -0.2326637600662112 -0.07339347635779193 0.006537517110500886 -0.0664683306186033 0.003222556047749424 0.14804811187498404 0.23816409035355943 0.27066782649599785 0.28060986400383886 0.28360135777765116 0.2845244995818707 
