0.031073274878950903 -0.042378103598639555 -0.002098439369719295 -0.0008044942650977145 -0.004069756517639112 -0.0032455725251957597 0.005259519385112392 0.017657091030750947 0.025827038240660183 0.02926785938016747 0.030476900731712296 0.030878219842569686 
-0.042378103598639555 0.22547578765756013 0.004489089275093115 -0.003918545158998174 0.005267547709307654 0.008935941499149754 -0.000673668235956117 -0.019265491287567552 -0.032827608375783995 -0.03892771484243853 -0.04118746248255661 -0.04197284915860395 
-0.002098439369719295 0.004489089275093115 0.0006288971228222654 9.032592675290028e-05 0.0002468121163089759 0.00017305712398796896 -0.00040077852296469197 -0.0012217199340563071 -0.00175782875399371 -0.0019819948986260117 -0.002060231271516467 -0.0020860268043781135 
-0.0008044942650977145 -0.003918545158998174 9.032592675290028e-05 0.0004923824602482277 0.0003442984611142594 7.805116462355268e-05 -0.00028377027738363557 -0.000594691316935725 -0.000742381803834964 -0.0007889752904541843 -0.0008010465291463576 -0.0008038496743933184 
-0.004069756517639112 0.005267547709307654 0.0002468121163089759 0.0003442984611142594 0.000892682108492737 0.0008260884407442026 -0.0003589909914638881 -0.0021290305400574194 -0.0033068199876843205 -0.003805999082032317 -0.0039822819252534085 -0.004041045264358634 
-0.0032455725251957597 0.008935941499149754 0.00017305712398796896 7.805116462355268e-05 0.0008260884407442026 0.0010286626087086818 0.00014684071051240054 -0.0014060206395968531 -0.0025008248678945575 -0.0029816974169224416 -0.0031562031837981596 -0.0032156994375056027 
0.005259519385112392 -0.000673668235956117 -0.00040077852296469197 -0.00028377027738363557 -0.0003589909914638881 0.00014684071051240054 0.0016384500668887322 0.0034747317513930723 0.004594085074156871 0.005040262298937568 0.005189942492547779 0.005237599127109225 
0.017657091030750947 -0.019265491287567552 -0.0012217199340563071 -0.000594691316935725 -0.0021290305400574194 -0.0014060206395968531 0.0034747317513930723 0.010354136783861725 0.014824218808796405 0.01668909152381712 0.017339362962913715 0.01755377022602731 
0.025827038240660183 -0.032827608375783995 -0.00175782875399371 -0.000742381803834964 -0.0033068199876843205 -0.0025008248678945575 0.004594085074156871 0.014824218808796405 0.021535520481347537 0.024353509169680473 0.02534127987221982 0.025668454338685108 
0.02926785938016747 -0.03892771484243853 -0.0019819948986260117 -0.0007889752904541843 -0.003805999082032317 -0.0029816974169224416 0.005040262298937568 0.01668909152381712 0.024353509169680473 0.02757800523146291 0.028710058250849057 0.02908553960958161 
0.030476900731712296 -0.04118746248255661 -0.002060231271516467 -0.0008010465291463576 -0.0039822819252534085 -0.0031562031837981596 0.005189942492547779 0.017339362962913715 0.02534127987221982 0.028710058250849057 0.029893419259889344 0.03028610769072448 
0.030878219842569686 -0.04197284915860395 -0.0020860268043781135 -0.0008038496743933184 -0.004041045264358634 -0.0032156994375056027 0.005237599127109225 0.01755377022602731 0.025668454338685108 0.02908553960958161 0.03028610769072448 0.03068457536762115 
