0.2156436501099906 -0.22527105616769436 -0.054998890402229904 0.0018676841385599349 -0.0603811088328085 -0.013598555806603197 0.10004956742732882 0.17462205796107572 0.20266922387958594 0.21159552757220307 0.21438580297866197 0.21527784052894605 
-0.22527105616769436 16.579538863027683 -0.09260984481911357 -0.12466833048707056 0.23774996702973636 0.5047701518839754 0.3452587426412626 0.056220783900183056 -0.11199929136809679 -0.1852320168923155 -0.21467503423024062 -0.22627554514851422 
-0.054998890402229904 -0.09260984481911357 0.07222740938564978 -0.01991186614328816 0.009117627974127532 -0.0033153076992979732 -0.032569439844103286 -0.04878564372248508 -0.05363330570400119 -0.05474334444128177 -0.05495073515183833 -0.054973515553900794 
0.0018676841385599349 -0.12466833048707056 -0.01991186614328816 0.05936198139229996 0.016293605132961894 -0.0022620586613851853 -0.0039044817989425363 -0.0008908692214749014 0.0008643869522357827 0.00154313326313563 0.0017853533803203865 0.0018721233985276224 
-0.0603811088328085 0.23774996702973636 0.009117627974127532 0.016293605132961894 0.051953559969914374 0.042768922003267276 -0.0033655627704876384 -0.0383935426795088 -0.052909185235338024 -0.05791584390048076 -0.059592280186730365 -0.0601600921243829 
-0.013598555806603197 0.5047701518839754 -0.0033153076992979732 -0.0022620586613851853 0.042768922003267276 0.05976179256149126 0.03595502636978663 0.008316734807675486 -0.005389942765423095 -0.010716069579077541 -0.012666369865428396 -0.013374981958048305 
0.10004956742732882 0.3452587426412626 -0.032569439844103286 -0.0039044817989425363 -0.0033655627704876384 0.03595502636978663 0.07852528291957242 0.09623612040962065 0.09999129682938708 0.10032060346289894 0.10016195807407792 0.10003174303659676 
0.17462205796107572 0.056220783900183056 -0.04878564372248508 -0.0008908692214749014 -0.0383935426795088 0.008316734807675486 0.09623612040962065 0.14878947733297493 0.16705578854981484 0.17241419298530178 0.17394967868037625 0.1743976253028974 
0.20266922387958594 -0.11199929136809679 -0.05363330570400119 0.0008643869522357827 -0.052909185235338024 -0.005389942765423095 0.09999129682938708 0.16705578854981484 0.1916594486202688 0.1992994050398084 0.20162868203384957 0.2023550837307373 
0.21159552757220307 -0.1852320168923155 -0.05474334444128177 0.00154313326313563 -0.05791584390048076 -0.010716069579077541 0.10032060346289894 0.17241419298530178 0.1992994050398084 0.20778517457040757 0.2104159048741032 0.2112502045185054 
0.21438580297866197 -0.21467503423024062 -0.05495073515183833 0.0017853533803203865 -0.059592280186730365 -0.012666369865428396 0.10016195807407792 0.17394967868037625 0.20162868203384957 0.2104159048741032 0.21315619460737734 0.2140303501279919 
0.21527784052894605 -0.22627554514851422 -0.054973515553900794 0.0018721233985276224 -0.0601600921243829 -0.013374981958048305 0.10003174303659676 0.1743976253028974 0.2023550837307373 0.2112502045185054 0.2140303501279919 0.2149192023225374 
