4.032591004460277 -1.0234312024688785 0.02502470144806668 0.020607509942635195 -0.06290111094602319 -0.11077845228328154 -0.07976441399831402 0.1110104595330334 0.5824605371768962 1.387784316537007 2.3388286955930764 3.1176605140988722 
-1.0234312024688785 1.472557633802859 0.06657422118523276 -0.038210414185946784 -0.017285115153289506 0.014183849905988366 0.029688303862148113 0.004082281072003957 -0.09897616990931317 -0.3004099602555141 -0.5541171432049793 -0.77070368084166 
0.02502470144806668 0.06657422118523276 0.01980371315062003 0.005662984975255611 0.0015719441010117654 6.02419675300054e-05 -0.00045877318801790517 0.00015111484827511111 0.002647873634160987 0.007487569154027052 0.013547498908731505 0.018698922198471378 
0.020607509942635195 -0.038210414185946784 0.005662984975255611 0.006930745939484305 0.004301294301246763 0.0016402337825200835 -0.0005353820392356551 -0.0016919333964898428 -0.000837957790127438 0.0028497702118745116 0.008523399324676467 0.013871703473351002 
-0.06290111094602319 -0.017285115153289506 0.0015719441010117654 0.004301294301246763 0.0046991959119445665 0.004025515007936412 0.0020480172096143954 -0.002367490994416576 -0.01085766104617695 -0.023869798144228287 -0.03833444774505671 -0.04968963515849527 
-0.11077845228328154 0.014183849905988366 6.02419675300054e-05 0.0016402337825200835 0.004025515007936412 0.005103373208210216 0.0038972338924517383 -0.0017753510903164467 -0.015192445036389354 -0.03770793315578191 -0.06403419650945516 -0.08544049872395387 
-0.07976441399831402 0.029688303862148113 -0.00045877318801790517 -0.0005353820392356551 0.0020480172096143954 0.0038972338924517383 0.004072596435728633 0.000906105972333127 -0.008169949457462003 -0.024398061147225182 -0.043974493277200995 -0.06021630819331515 
0.1110104595330334 0.004082281072003957 0.00015111484827511111 -0.0016919333964898428 -0.002367490994416576 -0.0017753510903164467 0.000906105972333127 0.0077302075469013005 0.021643250332141036 0.04363395653466037 0.06855376412815305 0.08840324314920253 
0.5824605371768962 -0.09897616990931317 0.002647873634160987 -0.000837957790127438 -0.01085766104617695 -0.015192445036389354 -0.008169949457462003 0.021643250332141036 0.09118633735475729 0.20746145556490062 0.34326890912847524 0.4536745362295286 
1.387784316537007 -0.3004099602555141 0.007487569154027052 0.0028497702118745116 -0.023869798144228287 -0.03770793315578191 -0.024398061147225182 0.04363395653466037 0.20746145556490062 0.4846780753022959 0.810473012286444 1.0764193722721074 
2.3388286955930764 -0.5541171432049793 0.013547498908731505 0.008523399324676467 -0.03833444774505671 -0.06403419650945516 -0.043974493277200995 0.06855376412815305 0.34326890912847524 0.810473012286444 1.3609795866927288 1.8111367343888756 
3.1176605140988722 -0.77070368084166 0.018698922198471378 0.013871703473351002 -0.04968963515849527 -0.08544049872395387 -0.06021630819331515 0.08840324314920253 0.4536745362295286 1.0764193722721074 1.8111367343888756 2.41243855165148 
