4.702845202506121 -1.0705174763519505 -0.007228990061377699 0.029302711309693974 -0.07052290285097206 -0.12708774401926914 -0.08800380182040532 0.13947313014484536 0.6935465575045283 1.63239602964178 2.7350551951208932 3.634040856569509 
-1.0705174763519505 1.1101017846416017 0.06148742683011024 -0.02847103747425041 -0.007732352346236351 0.0193314857941901 0.02807440475110159 -0.006336833646992998 -0.11951982075127172 -0.33009998480569785 -0.5890650036976075 -0.8066164130844148 
-0.007228990061377699 0.06148742683011024 0.01988712744611843 0.005331255234484565 0.0017868706488024548 0.0007499519112951327 9.111137379117204e-05 -0.0007403658663302381 -0.001967740836694288 -0.003569903663544555 -0.005156911577083306 -0.006286614641901604 
0.029302711309693974 -0.02847103747425041 0.005331255234484565 0.00704559326222865 0.00417617958043221 0.0015505986974896158 -0.0002639095991170385 -0.0006414884808700748 0.001524355520273014 0.00696427377322367 0.014346945486922771 0.020867244785976305 
-0.07052290285097206 -0.007732352346236351 0.0017868706488024548 0.00417617958043221 0.004788308543208259 0.004311893847119401 0.0024120543548652516 -0.002216282485634177 -0.011487690999310983 -0.02602591965191228 -0.04243158615545825 -0.05546396516333959 
-0.12708774401926914 0.0193314857941901 0.0007499519112951327 0.0015505986974896158 0.004311893847119401 0.005589492053718845 0.004212525601274446 -0.0023024143979212815 -0.017689214267610883 -0.04347614162145378 -0.07359848198026749 -0.09807246029209644 
-0.08800380182040532 0.02807440475110159 9.111137379117204e-05 -0.0002639095991170385 0.0024120543548652516 0.004212525601274446 0.004132180323494135 0.00037319332828778846 -0.009819885836021842 -0.027717755711653354 -0.04910852795653326 -0.06674403873463668 
0.13947313014484536 -0.006336833646992998 -0.0007403658663302381 -0.0006414884808700748 -0.002216282485634177 -0.0023024143979212815 0.00037319332828778846 0.00841344902548732 0.025586932509841728 0.05321778197656699 0.08479540975756229 0.11007471062057964 
0.6935465575045283 -0.11951982075127172 -0.001967740836694288 0.001524355520273014 -0.011487690999310983 -0.017689214267610883 -0.009819885836021842 0.025586932509841728 0.10846919323123437 0.2468438193733201 0.40812287835549904 0.5389473069830988 
1.63239602964178 -0.33009998480569785 -0.003569903663544555 0.00696427377322367 -0.02602591965191228 -0.04347614162145378 -0.027717755711653354 0.05321778197656699 0.2468438193733201 0.5727583423799608 0.9542242611905645 1.264520200953143 
2.7350551951208932 -0.5890650036976075 -0.005156911577083306 0.014346945486922771 -0.04243158615545825 -0.07359848198026749 -0.04910852795653326 0.08479540975756229 0.40812287835549904 0.9542242611905645 1.5945401794114114 2.116003538441976 
3.634040856569509 -0.8066164130844148 -0.006286614641901604 0.020867244785976305 -0.05546396516333959 -0.09807246029209644 -0.06674403873463668 0.11007471062057964 0.5389473069830988 1.264520200953143 2.116003538441976 2.809835967530451 
