4.0062158926700615 -0.7347528334276173 0.028234318651149053 0.03309400667510048 -0.05318264504436918 -0.10096822807151798 -0.06747956375973639 0.12610319615636043 0.5973040858783976 1.3954211827403502 2.332410419583128 3.0959689592853334 
-0.7347528334276173 1.2176649936274666 0.06594676045041285 -0.03188117865964953 -0.015166163394794535 0.011071993690515399 0.025149231663112517 0.008803788350585727 -0.06388442214405331 -0.20751089976680634 -0.38853804719338303 -0.5427665478124459 
0.028234318651149053 0.06594676045041285 0.01946973807709979 0.005443865912701401 0.0011483146722005811 -0.0005211853719281333 -0.0011111633131075666 -0.00041913115347990223 0.00242531660422166 0.007938276304079016 0.014835592100442614 0.020692680812007147 
0.03309400667510048 -0.03188117865964953 0.005443865912701401 0.006684264032249935 0.003643252516182358 0.0008550999725703802 -0.0010861082298799665 -0.0014493309563603657 0.0010487975206217915 0.007273044689911536 0.015732290647263326 0.02322509595108712 
-0.05318264504436918 -0.015166163394794535 0.0011483146722005811 0.003643252516182358 0.0039707417221016015 0.0033726689297562513 0.0016751091392488034 -0.0020822596048117497 -0.009290041912374392 -0.020331773710519092 -0.03260726125969969 -0.04224665274627411 
-0.10096822807151798 0.011071993690515399 -0.0005211853719281333 0.0008550999725703802 0.0033726689297562513 0.004605748435011942 0.003674771401693732 -0.0013940815727528147 -0.013588819073888545 -0.03413540677432414 -0.05818054354558712 -0.07772831506922841 
-0.06747956375973639 0.025149231663112517 -0.0011111633131075666 -0.0010861082298799665 0.0016751091392488034 0.003674771401693732 0.004143469958069534 0.0016792289678169477 -0.005921007399873894 -0.01973376670526593 -0.03649000246064683 -0.05042377418739461 
0.12610319615636043 0.008803788350585727 -0.00041913115347990223 -0.0014493309563603657 -0.0020822596048117497 -0.0013940815727528147 0.0016792289678169477 0.009461381906946774 0.025248575979303776 0.05010043301934572 0.07816892251920518 0.10045856837893409 
0.5973040858783976 -0.06388442214405331 0.00242531660422166 0.0010487975206217915 -0.009290041912374392 -0.013588819073888545 -0.005921007399873894 0.025248575979303776 0.09691706532824441 0.21576631795573406 0.35378780133894244 0.4654599015314896 
1.3954211827403502 -0.20751089976680634 0.007938276304079016 0.007273044689911536 -0.020331773710519092 -0.03413540677432414 -0.01973376670526593 0.05010043301934572 0.21576631795573406 0.4937352268340074 0.8184952328091395 1.0822990753990807 
2.332410419583128 -0.38853804719338303 0.014835592100442614 0.015732290647263326 -0.03260726125969969 -0.05818054354558712 -0.03649000246064683 0.07816892251920518 0.35378780133894244 0.8184952328091395 1.3627769321169774 1.8056220229625506 
3.0959689592853334 -0.5427665478124459 0.020692680812007147 0.02322509595108712 -0.04224665274627411 -0.07772831506922841 -0.05042377418739461 0.10045856837893409 0.4654599015314896 1.0822990753990807 1.8056220229625506 2.3946034725004974 
