3.5056677817051467 -0.8764106092195965 0.032668224503174886 0.013214330461642488 -0.06320662231891307 -0.10462487752726303 -0.07632729090159536 0.09102049176720388 0.5017806966721248 1.20127573495942 2.02569005917714 2.6996894286593696 
-0.8764106092195965 1.7152450182742223 0.10203873065417429 -0.025577080587722345 -0.013598279263769839 0.01283136413120674 0.026492251948833936 0.0050692966058560225 -0.08233152425557566 -0.25309717901866197 -0.4677252511901102 -0.6504639898698177 
0.032668224503174886 0.10203873065417429 0.020842115369569588 0.004888553564187862 0.00045901148891651296 -0.0009495773376669129 -0.0010932616781322822 0.0002270644347652846 0.0039190273744716545 0.010428814211794825 0.018220165246012165 0.024648888931259896 
0.013214330461642488 -0.025577080587722345 0.004888553564187862 0.005985438280768266 0.0036722084124263255 0.0013885066364978363 -0.0004908637367513875 -0.00162974452111424 -0.0013580191961938151 0.0009035932738907993 0.004602693525912044 0.008160458326873909 
-0.06320662231891307 -0.013598279263769839 0.00045901148891651296 0.0036722084124263255 0.004341978305736858 0.00391225780032079 0.0021897088347643577 -0.001978984565009066 -0.010308206818452839 -0.023353545152264236 -0.03806264467313588 -0.049738515670967084 
-0.10462487752726303 0.01283136413120674 -0.0009495773376669129 0.0013885066364978363 0.00391225780032079 0.005064264999047988 0.0040346819464431305 -0.0012217789708479207 -0.013827292094415109 -0.03510120678922682 -0.06005400836148063 -0.08038710888444137 
-0.07632729090159536 0.026492251948833936 -0.0010932616781322822 -0.0004908637367513875 0.0021897088347643577 0.0040346819464431305 0.004240565756028342 0.0012312952227164044 -0.007453452928887157 -0.023006466387263853 -0.04177710604006068 -0.05735085022811724 
0.09102049176720388 0.0050692966058560225 0.0002270644347652846 -0.00162974452111424 -0.001978984565009066 -0.0012217789708479207 0.0012312952227164044 0.0070268037828127 0.01852106472261821 0.03646075484212835 0.05664646487393217 0.07264545480132281 
0.5017806966721248 -0.08233152425557566 0.0039190273744716545 -0.0013580191961938151 -0.010308206818452839 -0.013827292094415109 -0.007453452928887157 0.01852106472261821 0.07856781022523832 0.17858386393474143 0.2951374385489414 0.3897234931401913 
1.20127573495942 -0.25309717901866197 0.010428814211794825 0.0009035932738907993 -0.023353545152264236 -0.03510120678922682 -0.023006466387263853 0.03646075484212835 0.17858386393474143 0.4182743787136235 0.6993804557873841 0.9284568200291724 
2.02569005917714 -0.4677252511901102 0.018220165246012165 0.004602693525912044 -0.03806264467313588 -0.06005400836148063 -0.04177710604006068 0.05664646487393217 0.2951374385489414 0.6993804557873841 1.174684567493077 1.5626626511467814 
2.6996894286593696 -0.6504639898698177 0.024648888931259896 0.008160458326873909 -0.049738515670967084 -0.08038710888444137 -0.05735085022811724 0.07264545480132281 0.3897234931401913 0.9284568200291724 1.5626626511467814 2.0807604259692525 
