4.861326898467765 -1.1055788481840652 0.010812750923401941 0.052022720794929866 -0.055260967990918036 -0.12112300574892458 -0.08891602001947013 0.13795086762240724 0.7038712721893837 1.6714141602483348 2.81321133720001 3.7471738050532375 
-1.1055788481840652 1.2256737404688072 0.07394765739296169 -0.025116135044334922 -0.006212085550133806 0.020116067030032277 0.0279181369860872 -0.008537574406080398 -0.12602948242444226 -0.3438228622969339 -0.6114277980007848 -0.8362417513141494 
0.010812750923401941 0.07394765739296169 0.022620727112974272 0.005055232406288384 0.0010976862513024876 -2.698340774680585e-05 -0.0004970896674243787 -0.0005026427493378519 0.000307658454090993 0.0022507774568505928 0.004922617662361025 0.007332823015432449 
0.052022720794929866 -0.025116135044334922 0.005055232406288384 0.006278173310694391 0.0028663974266387466 6.893877983163928e-05 -0.0014047533553816333 -0.0005102091276450024 0.004515897630728079 0.014664361490146162 0.027504247448666037 0.03844149104093218 
-0.055260967990918036 -0.006212085550133806 0.0010976862513024876 0.0028663974266387466 0.0033010406964519468 0.002980749219225088 0.0015763768855201587 -0.001953185474289968 -0.009118660347275832 -0.02042455152580972 -0.03322380129472685 -0.04341095533743875 
-0.12112300574892458 0.020116067030032277 -2.698340774680585e-05 6.893877983163928e-05 0.002980749219225088 0.004617619052522901 0.003716548657102425 -0.0021152862051361677 -0.016486097383834067 -0.04092838978836881 -0.06968499369330974 -0.09315412314516922 
-0.08891602001947013 0.0279181369860872 -0.0004970896674243787 -0.0014047533553816333 0.0015763768855201587 0.003716548657102425 0.003917241400943142 0.000360231130306424 -0.009759327592853853 -0.02776239801422813 -0.04940092984065756 -0.0672995469034077 
0.13795086762240724 -0.008537574406080398 -0.0005026427493378519 -0.0005102091276450024 -0.001953185474289968 -0.0021152862051361677 0.000360231130306424 0.008095001767609421 0.024876628177379272 0.05210262554802772 0.08338140209107131 0.10852105004996401 
0.7038712721893837 -0.12602948242444226 0.000307658454090993 0.004515897630728079 -0.009118660347275832 -0.016486097383834067 -0.009759327592853853 0.024876628177379272 0.10791552820730192 0.2478872692089907 0.41188562676118307 0.5454020115255117 
1.6714141602483348 -0.3438228622969339 0.0022507774568505928 0.014664361490146162 -0.02042455152580972 -0.04092838978836881 -0.02776239801422813 0.05210262554802772 0.2478872692089907 0.580542256039068 0.9718645796489764 1.2912857506778235 
2.81321133720001 -0.6114277980007848 0.004922617662361025 0.027504247448666037 -0.03322380129472685 -0.06968499369330974 -0.04940092984065756 0.08338140209107131 0.41188562676118307 0.9718645796489764 1.6316920976125686 2.170869380163525 
3.7471738050532375 -0.8362417513141494 0.007332823015432449 0.03844149104093218 -0.04341095533743875 -0.09315412314516922 -0.0672995469034077 0.10852105004996401 0.5454020115255117 1.2912857506778235 2.170869380163525 2.890002037189198 
