4.335779035009601 -0.735569318785806 -0.008346854495509693 0.010752335137405233 -0.07906583991304221 -0.12798593447372134 -0.08828619606728379 0.12541456894131853 0.6399950355598806 1.5078808602091796 2.5244271198661474 3.3515040156389397 
-0.735569318785806 0.8282418384694383 0.0688562159201736 -0.017913269377075575 -0.006602304573712269 0.011817292175117856 0.017474544732650824 -0.006916185571856229 -0.08540636865980522 -0.23004268582796997 -0.40677010813525666 -0.5544557852422856 
-0.008346854495509693 0.0688562159201736 0.02202661043025143 0.005661433148922254 0.0015521843046714377 0.00010678462887806829 -0.0009498687020098763 -0.002170017052751938 -0.0037122443134536614 -0.00544587580590046 -0.006936458531811956 -0.007847770044851366 
0.010752335137405233 -0.017913269377075575 0.005661433148922254 0.007460452441672933 0.004582277311679884 0.001775860654726144 -0.0005254986118369844 -0.0020461211219313215 -0.0021784255474711746 -0.00037379381589135754 0.002871435130636813 0.00607776098684978 
-0.07906583991304221 -0.006602304573712269 0.0015521843046714377 0.004582277311679884 0.005150033145791105 0.004510369220711156 0.0023148592891715208 -0.0028994941038337526 -0.013271655035732733 -0.0294981227367577 -0.047792126896700086 -0.06231838256114678 
-0.12798593447372134 0.011817292175117856 0.00010678462887806829 0.001775860654726144 0.004510369220711156 0.005651003157535782 0.00411004991169894 -0.0025924231495856923 -0.018186309808048515 -0.044166941105844564 -0.07441782462916771 -0.0989401638193576 
-0.08828619606728379 0.017474544732650824 -0.0009498687020098763 -0.0005254986118369844 0.0023148592891715208 0.00411004991169894 0.003960988167561094 0.00010210356418770977 -0.010193548667333014 -0.028151915901945868 -0.04952997128680675 -0.06710210297705564 
0.12541456894131853 -0.006916185571856229 -0.002170017052751938 -0.0020461211219313215 -0.0028994941038337526 -0.0025924231495856923 0.00010210356418770977 0.007561982955214875 0.02317018244923326 0.04808863289802546 0.07645721307514615 0.09911144813819277 
0.6399950355598806 -0.08540636865980522 -0.0037122443134536614 -0.0021784255474711746 -0.013271655035732733 -0.018186309808048515 -0.010193548667333014 0.02317018244923326 0.10024753861874679 0.22828132155572234 0.3770943419703308 0.4975657227811582 
1.5078808602091796 -0.23004268582796997 -0.00544587580590046 -0.00037379381589135754 -0.0294981227367577 -0.044166941105844564 -0.028151915901945868 0.04808863289802546 0.22828132155572234 0.5301336623125845 0.8824739431040001 1.1684996262744203 
2.5244271198661474 -0.40677010813525666 -0.006936458531811956 0.002871435130636813 -0.047792126896700086 -0.07441782462916771 -0.04952997128680675 0.07645721307514615 0.3770943419703308 0.8824739431040001 1.4734255463934716 1.9537029321655128 
3.3515040156389397 -0.5544557852422856 -0.007847770044851366 0.00607776098684978 -0.06231838256114678 -0.0989401638193576 -0.06710210297705564 0.09911144813819277 0.4975657227811582 1.1684996262744203 1.9537029321655128 2.5922053190297256 
