3.60977028122259 -1.0040394102226244 -0.010827091149948424 0.018400556013417363 -0.05700942926405168 -0.10325836388077662 -0.07762195578070805 0.09249987663140037 0.5148903974483843 1.2360688631794894 2.086509604885247 2.781723182528874 
-1.0040394102226244 1.3794747756661705 0.09325531811890508 -0.017939844250025615 -0.0016976021820583904 0.024796002236672193 0.03483681787356165 0.004097226394566648 -0.10169779182319716 -0.3007817321944658 -0.5468649499818676 -0.7542411593181096 
-0.010827091149948424 0.09325531811890508 0.024664355780174084 0.006245568073361461 0.002182327576852784 0.001118838374425149 0.000460678751746316 -0.0004942498696630797 -0.002112405595671092 -0.004455140574892463 -0.006972276108586053 -0.008899733344865712 
0.018400556013417363 -0.017939844250025615 0.006245568073361461 0.006365202064509903 0.003694816383990964 0.0012734480544705315 -0.0005775069713768647 -0.0014409053165752913 -0.000503385922708288 0.002855552687081782 0.00780717928061231 0.01235689113561481 
-0.05700942926405168 -0.0016976021820583904 0.002182327576852784 0.003694816383990964 0.004115992825793953 0.0037325307613293424 0.002206052049139578 -0.0015379423457603947 -0.009058289272350315 -0.02086020508349816 -0.03417874907331922 -0.044755835000399376 
-0.10325836388077662 0.024796002236672193 0.001118838374425149 0.0012734480544705315 0.0037325307613293424 0.0051078250370160784 0.004316195748885169 -0.0007171730952371719 -0.013109182970082558 -0.03418079766289795 -0.05896518553539181 -0.07918512131992257 
-0.07762195578070805 0.03483681787356165 0.000460678751746316 -0.0005775069713768647 0.002206052049139578 0.004316195748885169 0.0047162098037389 0.0017616474126138431 -0.007076932444516898 -0.023015597125069474 -0.04228215778632878 -0.05826695430466035 
0.09249987663140037 0.004097226394566648 -0.0004942498696630797 -0.0014409053165752913 -0.0015379423457603947 -0.0007171730952371719 0.0017616474126138431 0.007595987440296763 0.019177539354062204 0.037275526891489115 0.0576634066765302 0.07384214486005443 
0.5148903974483843 -0.10169779182319716 -0.002112405595671092 -0.000503385922708288 -0.009058289272350315 -0.013109182970082558 -0.007076932444516898 0.019177539354062204 0.08055594776739725 0.18312906841786603 0.30280685780733424 0.3999777649335123 
1.2360688631794894 -0.3007817321944658 -0.004455140574892463 0.002855552687081782 -0.02086020508349816 -0.03418079766289795 -0.023015597125069474 0.037275526891489115 0.18312906841786603 0.4298956224663933 0.7195797704638643 0.9557046127284164 
2.086509604885247 -0.5468649499818676 -0.006972276108586053 0.00780717928061231 -0.03417874907331922 -0.05896518553539181 -0.04228215778632878 0.0576634066765302 0.30280685780733424 0.7195797704638643 1.2100162233076204 1.610391597865837 
2.781723182528874 -0.7542411593181096 -0.008899733344865712 0.01235689113561481 -0.044755835000399376 -0.07918512131992257 -0.05826695430466035 0.07384214486005443 0.3999777649335123 0.9557046127284164 1.610391597865837 2.145242489883893 
