0.033370597666821857 -0.004294631056193666 0.0029322008535930017 0.0013932994852908817 0.002388721360347622 0.009051474303876907 0.02023455637121926 0.028374476315722114 0.03177129527537353 0.03288533616544802 0.033224884565457566 0.03332676676896907 
-0.004294631056193666 0.03794135632174575 0.0006446503607497213 0.0018944288816500037 0.004495960775867254 0.004615058954638727 0.0015175938341215728 -0.0017265107891667477 -0.0033632288476880515 -0.003979920945427257 -0.0041906961690586645 -0.004260563328109824 
0.0029322008535930017 0.0006446503607497213 0.016110903771358074 0.010084904826015565 0.004920433229840326 0.0013528405611443603 0.0006039438510152161 0.0015452161399330058 0.0023422712576750275 0.002712350625091785 0.002854714784424696 0.0029056270227860704 
0.0013932994852908817 0.0018944288816500037 0.010084904826015565 0.009397538227855306 0.007947205375597137 0.005764171241265278 0.003400385411393282 0.002040730189948438 0.0015682249433181617 0.0014377552974867006 0.0014043545705431399 0.0013960088192156413 
0.002388721360347622 0.004495960775867254 0.004920433229840326 0.007947205375597137 0.009492782473916002 0.00907027057187168 0.006543221067934349 0.004165015311213046 0.0030178491113362934 0.0025975676995067813 0.002456769751436107 0.002410795566401474 
0.009051474303876907 0.004615058954638727 0.0013528405611443603 0.005764171241265278 0.00907027057187168 0.011138180489382324 0.011188622936028904 0.010222200923457435 0.009534974679155908 0.009229966657046314 0.009114386766626823 0.009073163410379463 
0.02023455637121926 0.0015175938341215728 0.0006039438510152161 0.003400385411393282 0.006543221067934349 0.011188622936028904 0.016177556681439876 0.01898513646752529 0.019923732084514662 0.020166273026909164 0.020221670932796126 0.0202329390429323 
0.028374476315722114 -0.0017265107891667477 0.0015452161399330058 0.002040730189948438 0.004165015311213046 0.010222200923457435 0.01898513646752529 0.024950819387312858 0.027323370804615547 0.028068663014619348 0.028286491389594094 0.028349151188678343 
0.03177129527537353 -0.0033632288476880515 0.0023422712576750275 0.0015682249433181617 0.0030178491113362934 0.009534974679155908 0.019923732084514662 0.027323370804615547 0.030365200474209188 0.03134985366309915 0.031646272479151284 0.0317341421305063 
0.03288533616544802 -0.003979920945427257 0.002712350625091785 0.0014377552974867006 0.0025975676995067813 0.009229966657046314 0.020166273026909164 0.028068663014619348 0.03134985366309915 0.03242131373631518 0.032746552838812025 0.03284375436663911 
0.033224884565457566 -0.0041906961690586645 0.002854714784424696 0.0014043545705431399 0.002456769751436107 0.009114386766626823 0.020221670932796126 0.028286491389594094 0.031646272479151284 0.032746552838812025 0.033081444828970866 0.03318179502967687 
0.03332676676896907 -0.004260563328109824 0.0029056270227860704 0.0013960088192156413 0.002410795566401474 0.009073163410379463 0.0202329390429323 0.028349151188678343 0.0317341421305063 0.03284375436663911 0.03318179502967687 0.03328317864807389 
