0.033930281439501664 -0.004469576886650074 -0.0005648420172496447 -0.0031977473180762107 -0.002537971474204083 0.004601283973348183 0.01741236087991193 0.027350727644860684 0.031736858306457304 0.033239933259807 0.03371552332611581 0.033863357243557025 
-0.004469576886650074 0.04221833868756764 -0.0005093219029204953 0.0007724326968771912 0.003917280620565508 0.004614275245758772 0.0018185977905217276 -0.0015424742661652366 -0.003364736645187314 -0.004084228919591199 -0.004338776957546721 -0.004425632891989966 
-0.0005648420172496447 -0.0005093219029204953 0.01208603196833937 0.007738580993431245 0.0034944587209856893 -1.473893950648528e-05 -0.0016037475556915772 -0.0014649955188882154 -0.001013876570382644 -0.0007497387715325805 -0.0006350736734852886 -0.0005904632891010572 
-0.0031977473180762107 0.0007724326968771912 0.007738580993431245 0.007703184911275301 0.006455077692932083 0.003816705492940503 0.0003676274611044289 -0.0019205831629610427 -0.0028169762573982877 -0.0030913877317329743 -0.003168676332854123 -0.003189886398920911 
-0.002537971474204083 0.003917280620565508 0.0034944587209856893 0.006455077692932083 0.007802026341878003 0.006724635999370132 0.0031368130426826946 -0.00011603022445987323 -0.0016821135541910397 -0.0022546865024849643 -0.00244584504456591 -0.0025080971538511865 
0.004601283973348183 0.004614275245758772 -1.473893950648528e-05 0.003816705492940503 0.006724635999370132 0.008195201824611734 0.007558439383932929 0.0061149249841700205 0.005208603030864108 0.0048224780880317805 0.0046788762045306105 0.004628054715686627 
0.01741236087991193 0.0018185977905217276 -0.0016037475556915772 0.0003676274611044289 0.0031368130426826946 0.007558439383932929 0.012674329708989907 0.01581943984526022 0.016972090576123946 0.01730053735981327 0.01738544210216551 0.017406306612256405 
0.027350727644860684 -0.0015424742661652366 -0.0014649955188882154 -0.0019205831629610427 -0.00011603022445987323 0.0061149249841700205 0.01581943984526022 0.022913854607553887 0.0259200953600059 0.026914821973123074 0.027219370289179683 0.0273110587943899 
0.031736858306457304 -0.003364736645187314 -0.001013876570382644 -0.0028169762573982877 -0.0016821135541910397 0.005208603030864108 0.016972090576123946 0.0259200953600059 0.029817812936918674 0.031138845314453288 0.03155259967674268 0.031679969518065336 
0.033239933259807 -0.004084228919591199 -0.0007497387715325805 -0.0030913877317329743 -0.0022546865024849643 0.0048224780880317805 0.01730053735981327 0.026914821973123074 0.031138845314453288 0.032580891524368535 0.0330355834304476 0.03317645342505846 
0.03371552332611581 -0.004338776957546721 -0.0006350736734852886 -0.003168676332854123 -0.00244584504456591 0.0046788762045306105 0.01738544210216551 0.027219370289179683 0.03155259967674268 0.0330355834304476 0.033504245099794175 0.033649756419415804 
0.033863357243557025 -0.004425632891989966 -0.0005904632891010572 -0.003189886398920911 -0.0025080971538511865 0.004628054715686627 0.017406306612256405 0.0273110587943899 0.031679969518065336 0.03317645342505846 0.033649756419415804 0.03379681959667047 
