0.038550438429855595 -0.003686616785814788 0.0026315081061697573 -0.0008392386390320825 -0.00015150845831867092 0.00887436799337179 0.023532670061846648 0.03317988833358988 0.03689458245905903 0.0380593958639424 0.03840538199475088 0.038507373598377206 
-0.003686616785814788 0.034193136665062934 0.002451573569072802 0.002250469108617415 0.003352090829648248 0.002587823103867234 -0.00011678468091954685 -0.0022839632333558338 -0.0032192643498345406 -0.0035387053216087163 -0.003640438266687581 -0.0036722407320171494 
0.0026315081061697573 0.002451573569072802 0.016270796552029693 0.01104980526600901 0.006360948232333306 0.002709326787287991 0.0014610078917912234 0.001833356326645869 0.002281756683746 0.0025003630538796263 0.002585495808315572 0.002615900686572646 
-0.0008392386390320825 0.002250469108617415 0.01104980526600901 0.010665094325254565 0.008964032158959365 0.005701178733003758 0.002029802911147382 4.353043670172951e-05 -0.0006075706025565666 -0.0007816304612678742 -0.0008252628412263184 -0.0008359313435560428 
-0.00015150845831867092 0.003352090829648248 0.006360948232333306 0.008964032158959365 0.009632699335572533 0.007789795524121694 0.0040402235429998256 0.001396287730752589 0.00033749049620450313 -3.7974390350925545e-06 -0.0001072711014577395 -0.00013824425886642652 
0.00887436799337179 0.002587823103867234 0.002709326787287991 0.005701178733003758 0.007789795524121694 0.009237393298066943 0.00956621756821631 0.009277792512455892 0.009040405938086294 0.008934367609685315 0.00889487524774479 0.008881182547631875 
0.023532670061846648 -0.00011678468091954685 0.0014610078917912234 0.002029802911147382 0.0040402235429998256 0.00956621756821631 0.016887949922890305 0.02128833925537428 0.02287649159789802 0.023347489831357628 0.023480444728363456 0.023517824265314777 
0.03317988833358988 -0.0022839632333558338 0.001833356326645869 4.353043670172951e-05 0.001396287730752589 0.009277792512455892 0.02128833925537428 0.028991565365429406 0.03190613629705975 0.03280682816046082 0.03307092641236028 0.03314787300530419 
0.03689458245905903 -0.0032192643498345406 0.002281756683746 -0.0006075706025565666 0.00033749049620450313 0.009040405938086294 0.02287649159789802 0.03190613629705975 0.03536332427448748 0.036442303178220725 0.03676146281378117 0.03685519296434641 
0.0380593958639424 -0.0035387053216087163 0.0025003630538796263 -0.0007816304612678742 -3.7974390350925545e-06 0.008934367609685315 0.023347489831357628 0.03280682816046082 0.036442303178220725 0.03758049027171535 0.03791809771077756 0.038017493894997756 
0.03840538199475088 -0.003640438266687581 0.002585495808315572 -0.0008252628412263184 -0.0001072711014577395 0.00889487524774479 0.023480444728363456 0.03307092641236028 0.03676146281378117 0.03791809771077756 0.03826149496023227 0.038362680538576 
0.038507373598377206 -0.0036722407320171494 0.002615900686572646 -0.0008359313435560428 -0.00013824425886642652 0.008881182547631875 0.023517824265314777 0.03314787300530419 0.03685519296434641 0.038017493894997756 0.038362680538576 0.038464422108860585 
