0.04283103093670582 -0.0042824630406799935 -0.0011046823777633558 -0.0016999776191539916 0.0010056310000593168 0.011018882533701263 0.026338351009327757 0.03682714190356899 0.0409806303989035 0.04228721044149167 0.04267217970510174 0.04278439593619817 
-0.0042824630406799935 0.043218076750393984 0.0011345249385518745 0.0013444833610630647 0.0034015882068887233 0.0033741302837662574 0.0005946936688605423 -0.0021854890676228614 -0.0035392900760174693 -0.004036126526029245 -0.004202494479577582 -0.004256673195462033 
-0.0011046823777633558 0.0011345249385518745 0.020049689118105802 0.01170631191043989 0.004594233300875179 -0.0008901073906547818 -0.0029407968342796864 -0.002431194801557786 -0.001703431108937344 -0.0013332543951028288 -0.0011860104542870905 -0.0011326286183858398 
-0.0016999776191539916 0.0013444833610630647 0.01170631191043989 0.00984064695641825 0.007263309860479555 0.0038629624341412925 0.0005865890181585604 -0.0010705399597893755 -0.0015648119411714946 -0.001676612680576019 -0.0016976978502387082 -0.0017005831214872123 
0.0010056310000593168 0.0034015882068887233 0.004594233300875179 0.007263309860479555 0.008404636644184364 0.007607487640284643 0.004895928676812021 0.0025830269262422374 0.001539271207681594 0.0011758906558386269 0.001059156468237211 0.0010224255252976665 
0.011018882533701263 0.0033741302837662574 -0.0008901073906547818 0.0038629624341412925 0.007607487640284643 0.010590917438661442 0.011840831300004495 0.011678316473201576 0.011328287765999975 0.011139838191464666 0.011062694184981505 0.01103416121045973 
0.026338351009327757 0.0005946936688605423 -0.0029407968342796864 0.0005865890181585604 0.004895928676812021 0.011840831300004495 0.01969873874588331 0.024224935471974223 0.025776806821769152 0.02619880141514965 0.026304809546873593 0.02633056810622195 
0.03682714190356899 -0.0021854890676228614 -0.002431194801557786 -0.0010705399597893755 0.0025830269262422374 0.011678316473201576 0.024224935471974223 0.03239115669258618 0.03550500126423921 0.03645139930474142 0.03672103378959833 0.03679703700196711 
0.0409806303989035 -0.0035392900760174693 -0.001703431108937344 -0.0015648119411714946 0.001539271207681594 0.011328287765999975 0.025776806821769152 0.03550500126423921 0.03931065122260099 0.04049486937108702 0.040840175225357114 0.04093980945110083 
0.04228721044149167 -0.004036126526029245 -0.0013332543951028288 -0.001676612680576019 0.0011758906558386269 0.011139838191464666 0.02619880141514965 0.03645139930474142 0.04049486937108702 0.04176224873444299 0.04213438202068872 0.0422424919967476 
0.04267217970510174 -0.004202494479577582 -0.0011860104542870905 -0.0016976978502387082 0.001059156468237211 0.011062694184981505 0.026304809546873593 0.03672103378959833 0.040840175225357114 0.04213438202068872 0.04251526480495344 0.04262616442868983 
0.04278439593619817 -0.004256673195462033 -0.0011326286183858398 -0.0017005831214872123 0.0010224255252976665 0.01103416121045973 0.02633056810622195 0.03679703700196711 0.04093980945110083 0.0422424919967476 0.04262616442868983 0.042737960263377874 
