0.04285222459442457 -0.003164531228462908 -0.001483708217065523 -0.004525912652191191 -0.0024331583513539103 0.009609576111986682 0.02715495492259444 0.037623269127551096 0.041334151516871816 0.04242531987705577 0.042732227455658425 0.04281826380351352 
-0.003164531228462908 0.04191467111202637 0.0006419554285447405 0.003117763889040577 0.00607718248521697 0.005643579264291603 0.00181988829012135 -0.0012643825374498063 -0.0025517571035327345 -0.0029770266832130888 -0.0031080332763240965 -0.0031475815511300474 
-0.001483708217065523 0.0006419554285447405 0.018442072125017556 0.012223617588850138 0.006236572927161289 0.0008515742565553724 -0.0018006142684693794 -0.0020230601081458613 -0.0017566335783131065 -0.0015908397195945423 -0.0015217858899277679 -0.0014965945798276561 
-0.004525912652191191 0.003117763889040577 0.012223617588850138 0.01188413520424064 0.009698505807173772 0.00494765802214726 -0.0004849855053800499 -0.0033178411090935916 -0.004213710324053045 -0.004448552948419938 -0.004506996401534583 -0.004521331170540187 
-0.0024331583513539103 0.00607718248521697 0.006236572927161289 0.009698505807173772 0.010697374955532085 0.008076613878692606 0.0028759291195552413 -0.0005659461667213477 -0.0018664135055474012 -0.002267784564236596 -0.0023852080371771383 -0.0024192246542567054 
0.009609576111986682 0.005643579264291603 0.0008515742565553724 0.00494765802214726 0.008076613878692606 0.010235308140744054 0.010634031869089206 0.010168830557945466 0.009829237868698677 0.009686038652196654 0.00963485795972489 0.009617721418323228 
0.02715495492259444 0.00181988829012135 -0.0018006142684693794 -0.0004849855053800499 0.0028759291195552413 0.010634031869089206 0.0199027825363769 0.02490555659205079 0.026546231913662083 0.026995287999295754 0.027113083389902638 0.027143900688274894 
0.037623269127551096 -0.0012643825374498063 -0.0020230601081458613 -0.0033178411090935916 -0.0005659461667213477 0.010168830557945466 0.02490555659205079 0.03346213029561106 0.03643543035480996 0.037294529241644586 0.03753226021548669 0.037597884400849386 
0.041334151516871816 -0.0025517571035327345 -0.0017566335783131065 -0.004213710324053045 -0.0018664135055474012 0.009829237868698677 0.026546231913662083 0.03643543035480996 0.03991934010450373 0.04093823347325125 0.04122338062896266 0.041302940359289914 
0.04242531987705577 -0.0029770266832130888 -0.0015908397195945423 -0.004448552948419938 -0.002267784564236596 0.009686038652196654 0.026995287999295754 0.037294529241644586 0.04093823347325125 0.04200778864745827 0.04230813327877102 0.0423922018989899 
0.042732227455658425 -0.0031080332763240965 -0.0015217858899277679 -0.004506996401534583 -0.0023852080371771383 0.00963485795972489 0.027113083389902638 0.03753226021548669 0.04122338062896266 0.04230813327877102 0.042613078164974685 0.042698522285427594 
0.04281826380351352 -0.0031475815511300474 -0.0014965945798276561 -0.004521331170540187 -0.0024192246542567054 0.009617721418323228 0.027143900688274894 0.037597884400849386 0.041302940359289914 0.0423922018989899 0.042698522285427594 0.04278438044855857 
