0.050466297225198374 -0.0045013564872932845 -0.005198202098197851 -0.006264830811178634 -0.0015916143434200642 0.014536260611841392 0.0349364321517242 0.045715059268317315 0.04918272783705674 0.0501279424634143 0.05037682733300115 0.05044242247430762 
-0.0045013564872932845 0.054231730970186125 -0.004895594818782547 -0.002221513984686867 0.0015862299003213153 0.0021564345841418153 -0.0006625136655484237 -0.003057123898933506 -0.004043726653067257 -0.004364138296574104 -0.004460956947798038 -0.004489540185548428 
-0.005198202098197851 -0.004895594818782547 0.029198610691125275 0.019107291770016355 0.00963470819533057 0.0006551402722282169 -0.0043805720844188115 -0.00542898859667888 -0.00538079700863616 -0.005275856364529674 -0.005226044092059345 -0.0052074649478475255 
-0.006264830811178634 -0.002221513984686867 0.019107291770016355 0.01707499564551766 0.012790761805934825 0.005450758676325918 -0.0017711527182877986 -0.0050527962090991165 -0.0059788517186605975 -0.006199837047689728 -0.006250277124874287 -0.006261624452836929 
-0.0015916143434200642 0.0015862299003213153 0.00963470819533057 0.012790761805934825 0.012892059267297045 0.009115262601333128 0.00331107460004371 -1.5155521337082275e-05 -0.001146870639553652 -0.0014698471542676245 -0.0015583271851475212 -0.0015824692653552538 
0.014536260611841392 0.0021564345841418153 0.0006551402722282169 0.005450758676325918 0.009115262601333128 0.01249194176640376 0.014323608950327138 0.014662130702661164 0.014618570744927565 0.014569937751077714 0.014548155415332135 0.014540189003779756 
0.0349364321517242 -0.0006625136655484237 -0.0043805720844188115 -0.0017711527182877986 0.00331107460004371 0.014323608950327138 0.02651162895745777 0.032498110606149364 0.03431327505870552 0.03478108122659605 0.0348976043204355 0.03492664613610984 
0.045715059268317315 -0.003057123898933506 -0.00542898859667888 -0.0050527962090991165 -1.5155521337082275e-05 0.014662130702661164 0.032498110606149364 0.04173075817518825 0.04465396497105248 0.04543921400333966 0.04564310269273584 0.04569611160813847 
0.04918272783705674 -0.004043726653067257 -0.00538079700863616 -0.0059788517186605975 -0.001146870639553652 0.014618570744927565 0.03431327505870552 0.04465396497105248 0.04796456406229956 0.04886296532693535 0.04909852101779009 0.04916034763220768 
0.0501279424634143 -0.004364138296574104 -0.005275856364529674 -0.006199837047689728 -0.0014698471542676245 0.014569937751077714 0.03478108122659605 0.04543921400333966 0.04886296532693535 0.049794926234996754 0.05003999734217349 0.05010450420017217 
0.05037682733300115 -0.004460956947798038 -0.005226044092059345 -0.006250277124874287 -0.0015583271851475212 0.014548155415332135 0.0348976043204355 0.04564310269273584 0.04909852101779009 0.05003999734217349 0.05028779639846646 0.05035307914179385 
0.05044242247430762 -0.004489540185548428 -0.0052074649478475255 -0.006261624452836929 -0.0015824692653552538 0.014540189003779756 0.03492664613610984 0.04569611160813847 0.04916034763220768 0.05010450420017217 0.05035307914179385 0.05041858445013341 
