0.11327602796871267 -0.026520836916652604 -0.017818481499031594 -0.017035070394805625 -0.005918020500239045 0.025780827434375916 0.06885611587912614 0.09687876143211208 0.10804771971115297 0.1116767542898234 0.1127890344382238 0.11312694518846492 
-0.026520836916652604 0.14331212295156986 0.008427650262201353 0.01289602448203185 0.021009246880585867 0.016355251265631664 -0.0009428627191706358 -0.01574494590895201 -0.022679292087782674 -0.025227103727586467 -0.02609246340916142 -0.0263799166738302 
-0.017818481499031594 0.008427650262201353 0.032941995541748335 0.02957591494558587 0.02170999831729043 0.008630563017884414 -0.005608088253435335 -0.01373603113452833 -0.016645680015768053 -0.017497393877580685 -0.017731666585324865 -0.01779508277328062 
-0.017035070394805625 0.01289602448203185 0.02957591494558587 0.030470143876441022 0.02573427933508826 0.013792544132310373 -0.0016628624009157515 -0.011459484187195697 -0.015287810854778082 -0.016509691678014537 -0.016877791862406205 -0.016987734330189724 
-0.005918020500239045 0.021009246880585867 0.02170999831729043 0.02573427933508826 0.025399277734744315 0.01852190538819983 0.007170109427596759 -0.0008497897053676899 -0.004230340984054746 -0.0053809358375439915 -0.0057484648897082 -0.0058644188304400584 
0.025780827434375916 0.016355251265631664 0.008630563017884414 0.013792544132310373 0.01852190538819983 0.022832524943578802 0.0254143060002434 0.026042688185103607 0.025985619874038905 0.025879104973555278 0.025821139324749807 0.025796142532214673 
0.06885611587912614 -0.0009428627191706358 -0.005608088253435335 -0.0016628624009157515 0.007170109427596759 0.0254143060002434 0.047681255007579644 0.06135074794492261 0.06655866475322464 0.06818163931958272 0.06865902873594519 0.06879817336772874 
0.09687876143211208 -0.01574494590895201 -0.01373603113452833 -0.011459484187195697 -0.0008497897053676899 0.026042688185103607 0.06135074794492261 0.08391838259856106 0.09279409086754065 0.09564352212793278 0.09650681103533666 0.0967661103648347 
0.10804771971115297 -0.022679292087782674 -0.016645680015768053 -0.015287810854778082 -0.004230340984054746 0.025985619874038905 0.06655866475322464 0.09279409086754065 0.10320325919899277 0.1065716005189115 0.10759992944824305 0.1079111328116652 
0.1116767542898234 -0.025227103727586467 -0.017497393877580685 -0.016509691678014537 -0.0053809358375439915 0.025879104973555278 0.06818163931958272 0.09564352212793278 0.1065716005189115 0.11011728037460572 0.111202513978137 0.11153176050548545 
0.1127890344382238 -0.02609246340916142 -0.017731666585324865 -0.016877791862406205 -0.0057484648897082 0.025821139324749807 0.06865902873594519 0.09650681103533666 0.10759992944824305 0.111202513978137 0.11230615209561966 0.11264127683798704 
0.11312694518846492 -0.0263799166738302 -0.01779508277328062 -0.016987734330189724 -0.0058644188304400584 0.025796142532214673 0.06879817336772874 0.0967661103648347 0.1079111328116652 0.11153176050548545 0.11264127683798704 0.11297829158047526 
