1.8537815539547478 -0.23165588690876118 0.012065584273548235 -0.0017251684304396488 -0.038263243946199586 -0.053844109792127455 -0.028535267568900347 0.07685730593198532 0.3166805134191334 0.7029198045196492 1.1337131187390042 1.4693681359132202 
-0.23165588690876118 0.2853095142555258 0.016833737238509342 -0.01087075788081653 -0.003985522012977695 0.004918981628677191 0.009028879241517226 0.0022554930157182053 -0.023638021867854235 -0.07173614723692263 -0.12904252848818545 -0.17555967383367554 
0.012065584273548235 0.016833737238509342 0.009058563610742382 0.004260190660401337 0.001979267677258714 0.0006714524359636882 -0.00012193099785839308 -0.00025261423939734176 0.0007335991191386662 0.0030856740235643415 0.006142041465819161 0.008743014805501851 
-0.0017251684304396488 -0.01087075788081653 0.004260190660401337 0.0044567828525779556 0.002919866292283924 0.0014175092162732363 1.5830534100260434e-05 -0.001280880220249506 -0.0023327607171269825 -0.0028971256670362027 -0.0028927361596071616 -0.0025719619185326165 
-0.038263243946199586 -0.003985522012977695 0.001979267677258714 0.002919866292283924 0.0029502261292980825 0.0024650330000816996 0.0011709795133695226 -0.0017125532761209162 -0.007211210047789535 -0.015427122630022612 -0.024227815084425314 -0.03090121459616829 
-0.053844109792127455 0.004918981628677191 0.0006714524359636882 0.0014175092162732363 0.0024650330000816996 0.0028243813384255636 0.001959090101692242 -0.0012773480093807507 -0.008473254200098649 -0.019952952947046756 -0.03269025135627141 -0.04257859298814268 
-0.028535267568900347 0.009028879241517226 -0.00012193099785839308 1.5830534100260434e-05 0.0011709795133695226 0.001959090101692242 0.002026782861400179 0.0007247288632326338 -0.0028922398208150717 -0.00910016263652024 -0.01623499840496208 -0.021897690051804242 
0.07685730593198532 0.0022554930157182053 -0.00025261423939734176 -0.001280880220249506 -0.0017125532761209162 -0.0012773480093807507 0.0007247288632326338 0.005839826905550689 0.01612896392712618 0.03189691388273977 0.04903390451311389 0.06216137736484963 
0.3166805134191334 -0.023638021867854235 0.0007335991191386662 -0.0023327607171269825 -0.007211210047789535 -0.008473254200098649 -0.0028922398208150717 0.01612896392712618 0.057632344662036275 0.1234084708368956 0.1961704249046579 0.2525601600056547 
0.7029198045196492 -0.07173614723692263 0.0030856740235643415 -0.0028971256670362027 -0.015427122630022612 -0.019952952947046756 -0.00910016263652024 0.03189691388273977 0.1234084708368956 0.26971900470796356 0.4322993582702237 0.5586669053119171 
1.1337131187390042 -0.12904252848818545 0.006142041465819161 -0.0028927361596071616 -0.024227815084425314 -0.03269025135627141 -0.01623499840496208 0.04903390451311389 0.1961704249046579 0.4322993582702237 0.6951893217696777 0.8997785906285071 
1.4693681359132202 -0.17555967383367554 0.008743014805501851 -0.0025719619185326165 -0.03090121459616829 -0.04257859298814268 -0.021897690051804242 0.06216137736484963 0.2525601600056547 0.5586669053119171 0.8997785906285071 1.1654015585139024 
