1.2537750200477804 -0.21358502597711815 0.01644673164131922 0.001978540041113494 -0.028904352349386656 -0.04282613567398941 -0.02435395385899601 0.05655568004204461 0.2375794591255492 0.5158985286328518 0.8073783706057909 1.0215276645727518 
-0.21358502597711815 0.24798526930283232 0.015073969187132217 -0.007201745715772379 -0.0015541208118853224 0.0053619422477457716 0.007301205550199055 -0.0018969394164751621 -0.029830328017456113 -0.07718755489346178 -0.12927101108859584 -0.1687966276740947 
0.01644673164131922 0.015073969187132217 0.008490870675527609 0.0037251442737643507 0.0013051830857232604 -7.935703214072528e-05 -0.0007761551295524872 -0.0004701657147135304 0.0014586356836290516 0.005124488394698704 0.009339804494546232 0.01261906379539245 
0.001978540041113494 -0.007201745715772379 0.0037251442737643507 0.003448117379983979 0.002172337700528299 0.0010041703222938077 -1.0544173445857146e-05 -0.0007888574662253008 -0.0011091318890812003 -0.0007850636035101765 -1.2839048685519876e-06 0.0007924711047045195 
-0.028904352349386656 -0.0015541208118853224 0.0013051830857232604 0.002172337700528299 0.0024363194721926775 0.002221618846089598 0.0012633977822166637 -0.0011093146522693324 -0.005696327043317634 -0.01232777437094134 -0.019040369591851163 -0.023856464579988072 
-0.04282613567398941 0.0053619422477457716 -7.935703214072528e-05 0.0010041703222938077 0.002221618846089598 0.002736876383031925 0.0020858004035656428 -0.00076939206093321 -0.007144866263273245 -0.016933103817213142 -0.027173011609759913 -0.034688890959131115 
-0.02435395385899601 0.007301205550199055 -0.0007761551295524872 -1.0544173445857146e-05 0.0012633977822166637 0.0020858004035656428 0.0021733089132520153 0.0008963928111963011 -0.002596478274974165 -0.008328416599099126 -0.014526149214317823 -0.019173919962822764 
0.05655568004204461 -0.0018969394164751621 -0.0004701657147135304 -0.0007888574662253008 -0.0011093146522693324 -0.00076939206093321 0.0008963928111963011 0.0051679044583402885 0.013550412686834339 0.025762079536869705 0.03818255302433198 0.047126931564730405 
0.2375794591255492 -0.029830328017456113 0.0014586356836290516 -0.0011091318890812003 -0.005696327043317634 -0.007144866263273245 -0.002596478274974165 0.013550412686834339 0.04820162707014862 0.10062229839493553 0.15505291312221903 0.19481133610760995 
0.5158985286328518 -0.07718755489346178 0.005124488394698704 -0.0007850636035101765 -0.01232777437094134 -0.016933103817213142 -0.008328416599099126 0.025762079536869705 0.10062229839493553 0.21489580997313462 0.3341198375397696 0.4214884890962311 
0.8073783706057909 -0.12927101108859584 0.009339804494546232 -1.2839048685519876e-06 -0.019040369591851163 -0.027173011609759913 -0.014526149214317823 0.03818255302433198 0.15505291312221903 0.3341198375397696 0.5213122231602023 0.6586714613145965 
1.0215276645727518 -0.1687966276740947 0.01261906379539245 0.0007924711047045195 -0.023856464579988072 -0.034688890959131115 -0.019173919962822764 0.047126931564730405 0.19481133610760995 0.4214884890962311 0.6586714613145965 0.8328225469250755 
