0.199442483083783 -0.10562849249210685 -0.0034092115753631487 0.001479930235209752 -0.011649191765952634 -0.01831024799102784 -0.01107579175630199 0.019066862728822867 0.07157312284608708 0.12603377060746407 0.16348547915706857 0.18328231005157272 
-0.10562849249210685 0.35052591427246704 0.028751069312648068 -0.006574238675772262 -0.0005019260461592122 0.00732333852891428 0.00836002341436101 -0.003925000557397557 -0.030727857098188885 -0.06104538880355013 -0.08302467860518781 -0.09512857697434621 
-0.0034092115753631487 0.028751069312648068 0.013265535289692692 0.005454141260193421 0.002468852671433875 0.0008067098394219141 -0.0005776177093943674 -0.0018592341222362836 -0.002850591568922459 -0.0033637194722484147 -0.0035077661757702315 -0.0035025189077476124 
0.001479930235209752 -0.006574238675772262 0.005454141260193421 0.004874463087489735 0.0029329488542226847 0.0013307535858150133 8.078318402690937e-05 -0.0006308873585665419 -0.0005827156868995301 6.946568574831439e-06 0.0006316832621664082 0.0010473529220977869 
-0.011649191765952634 -0.0005019260461592122 0.002468852671433875 0.0029329488542226847 0.0030411104314757628 0.002715058531512673 0.0016089399118558079 -0.0007531242457916298 -0.004214956199861718 -0.007529994196843012 -0.00969708548849309 -0.010798511701929121 
-0.01831024799102784 0.00732333852891428 0.0008067098394219141 0.0013307535858150133 0.002715058531512673 0.0033181282091124436 0.0025336607772204196 -0.0005003014350927413 -0.005714159499997906 -0.011092911123983251 -0.01478058483144027 -0.016725855894436932 
-0.01107579175630199 0.00836002341436101 -0.0005776177093943674 8.078318402690937e-05 0.0016089399118558079 0.0025336607772204196 0.00247860585111376 0.0008345727933140233 -0.0024410729643202012 -0.006016802967012592 -0.008551013157304907 -0.009921194225453064 
0.019066862728822867 -0.003925000557397557 -0.0018592341222362836 -0.0006308873585665419 -0.0007531242457916298 -0.0005003014350927413 0.0008345727933140233 0.003960613548686513 0.008690959470699595 0.01328731250618047 0.01631716955969764 0.017865509753460525 
0.07157312284608708 -0.030727857098188885 -0.002850591568922459 -0.0005827156868995301 -0.004214956199861718 -0.005714159499997906 -0.0024410729643202012 0.008690959470699595 0.027342470013561746 0.04636597391802833 0.05931144107908588 0.0660986095034577 
0.12603377060746407 -0.06104538880355013 -0.0033637194722484147 6.946568574831439e-06 -0.007529994196843012 -0.011092911123983251 -0.006016802967012592 0.01328731250618047 0.04636597391802833 0.08043609622033913 0.10376336676318403 0.11605219372031178 
0.16348547915706857 -0.08302467860518781 -0.0035077661757702315 0.0006316832621664082 -0.00969708548849309 -0.01478058483144027 -0.008551013157304907 0.01631716955969764 0.05931144107908588 0.10376336676318403 0.13427112646591238 0.15037225160054074 
0.18328231005157272 -0.09512857697434621 -0.0035025189077476124 0.0010473529220977869 -0.010798511701929121 -0.016725855894436932 -0.009921194225453064 0.017865509753460525 0.0660986095034577 0.11605219372031178 0.15037225160054074 0.16850037782734673 
