2.122795091681735 -0.3530920312468018 -0.0030678187491709587 -0.0012181129014204885 -0.03784031703587249 -0.056456643898718024 -0.03439526013410245 0.06966520126112208 0.3171634661031499 0.7354301069584801 1.2290435253786418 1.6343228443413766 
-0.3530920312468018 0.3121420843965485 0.025732478969097815 -0.005781028444801184 -0.00019195050235253186 0.0075243612586868335 0.009161581266454149 -0.003262186233018511 -0.04103503928518596 -0.10998126445042021 -0.1943634806913643 -0.2652258891697073 
-0.0030678187491709587 0.025732478969097815 0.009343991168291642 0.0034731413711983016 0.00139556408549245 0.00030237506713973384 -0.0005721036778284191 -0.0014182366616806413 -0.0022340992182688403 -0.002894691292246407 -0.0032557156379191335 -0.0033343429817820707 
-0.0012181129014204885 -0.005781028444801184 0.0034731413711983016 0.00321425640073767 0.002019194936382228 0.0009067506608460374 -0.00012072792096038247 -0.0010694836134409467 -0.001842470467086145 -0.002259272457506685 -0.002240016300270721 -0.0019627486426793722 
-0.03784031703587249 -0.00019195050235253186 0.00139556408549245 0.002019194936382228 0.0022890568091070568 0.0021367062304719162 0.0012637530928297422 -0.0010483645320329635 -0.005846360253458056 -0.013529628418772442 -0.022350326086827483 -0.02946520812698684 
-0.056456643898718024 0.0075243612586868335 0.00030237506713973384 0.0009067506608460374 0.0021367062304719162 0.002753397766612581 0.0022269387013881398 -0.0005476630070488017 -0.007244361393881832 -0.01861490161999189 -0.03206165137890889 -0.04311492262594756 
-0.03439526013410245 0.009161581266454149 -0.0005721036778284191 -0.00012072792096038247 0.0012637530928297422 0.0022269387013881398 0.002421382742209615 0.0011446319838257586 -0.0027205331810529134 -0.009747178173237997 -0.01832273427797184 -0.02550788714288709 
0.06966520126112208 -0.003262186233018511 -0.0014182366616806413 -0.0010694836134409467 -0.0010483645320329635 -0.0005476630070488017 0.0011446319838257586 0.005327582122537249 0.013826401322695922 0.02731639934922734 0.04273279457674038 0.05513163241667949 
0.3171634661031499 -0.04103503928518596 -0.0022340992182688403 -0.001842470467086145 -0.005846360253458056 -0.007244361393881832 -0.0027205331810529134 0.013826401322695922 0.0513430608937453 0.1136328224284631 0.18649807555976877 0.24599049777801005 
0.7354301069584801 -0.10998126445042021 -0.002894691292246407 -0.002259272457506685 -0.013529628418772442 -0.01861490161999189 -0.009747178173237997 0.02731639934922734 0.1136328224284631 0.2583901021815203 0.42857403159284346 0.5679657005038588 
1.2290435253786418 -0.1943634806913643 -0.0032557156379191335 -0.002240016300270721 -0.022350326086827483 -0.03206165137890889 -0.01832273427797184 0.04273279457674038 0.18649807555976877 0.42857403159284346 0.7137404644619837 0.9476058743128108 
1.6343228443413766 -0.2652258891697073 -0.0033343429817820707 -0.0019627486426793722 -0.02946520812698684 -0.04311492262594756 -0.02550788714288709 0.05513163241667949 0.24599049777801005 0.5679657005038588 0.9476058743128108 1.2591324228093068 
