0.2079980019135229 -0.04751793191532864 -0.005164659165070837 0.006937556305793584 -0.010976496488470072 -0.0212659239614607 -0.014168512624458297 0.021095084441217476 0.0809387741859185 0.13869561339142075 0.1755064735186755 0.1938682245307461 
-0.04751793191532864 0.2850356027707276 0.017746283669094302 -0.010697599297632233 -0.004210889994775373 0.004874471240542574 0.010200684746512647 0.006833946450533064 -0.0066199930578502994 -0.023037417182352964 -0.03500933525030089 -0.04162388333335303 
-0.005164659165070837 0.017746283669094302 0.014991253882269417 0.0053466170766863046 0.002565327367506024 0.0011050780195900518 -0.00032932747071484224 -0.001976462328426138 -0.0035328820799746205 -0.004542467823697072 -0.004989567257826062 -0.005136041964100179 
0.006937556305793584 -0.010697599297632233 0.0053466170766863046 0.005754591770230121 0.003019878274721636 0.0007575686625264198 -0.0006374279477127541 -0.0005668991801524698 0.0011600470918827586 0.003456616525451966 0.005165671730096877 0.006111435955286641 
-0.010976496488470072 -0.004210889994775373 0.002565327367506024 0.003019878274721636 0.003234055469346829 0.0029219820560949096 0.0017076252820625486 -0.0008784623591194006 -0.0044605535122354545 -0.007595973557036265 -0.009466646478235606 -0.010350308509251928 
-0.0212659239614607 0.004874471240542574 0.0011050780195900518 0.0007575686625264198 0.0029219820560949096 0.004080656461858755 0.0032841816189098944 -0.0006307440162634467 -0.007253542487156467 -0.013633141284027907 -0.017692702782508667 -0.019714557527314835 
-0.014168512624458297 0.010200684746512647 -0.00032932747071484224 -0.0006374279477127541 0.0017076252820625486 0.0032841816189098944 0.0033731456431418754 0.0010414135278793994 -0.0035552895691049746 -0.008244815435706754 -0.011333358034614667 -0.01291230525981746 
0.021095084441217476 0.006833946450533064 -0.001976462328426138 -0.0005668991801524698 -0.0008784623591194006 -0.0006307440162634467 0.0010414135278793994 0.004957090170413227 0.010574289715213275 0.015582594935430037 0.01860925414444865 0.020054355823785026 
0.0809387741859185 -0.0066199930578502994 -0.0035328820799746205 0.0011600470918827586 -0.0044605535122354545 -0.007253542487156467 -0.0035552895691049746 0.010574289715213275 0.03355021518838324 0.05531793654364389 0.06902672642644407 0.07579977830154198 
0.13869561339142075 -0.023037417182352964 -0.004542467823697072 0.003456616525451966 -0.007595973557036265 -0.013633141284027907 -0.008244815435706754 0.015582594935430037 0.05531793654364389 0.09338065598422057 0.11752243231772155 0.129517950011641 
0.1755064735186755 -0.03500933525030089 -0.004989567257826062 0.005165671730096877 -0.009466646478235606 -0.017692702782508667 -0.011333358034614667 0.01860925414444865 0.06902672642644407 0.11752243231772155 0.14836341282373225 0.16372023285019524 
0.1938682245307461 -0.04162388333335303 -0.005136041964100179 0.006111435955286641 -0.010350308509251928 -0.019714557527314835 -0.01291230525981746 0.020054355823785026 0.07579977830154198 0.129517950011641 0.16372023285019524 0.18076679833251721 
