0.6484301905759864 -0.13553311866470058 0.009865811945252288 0.0032195846994500245 -0.01913291540751129 -0.029147993286380822 -0.0160405342133517 0.039272018460242794 0.15456303371363914 0.3130335864180974 0.4586893870896268 0.5544489910979167 
-0.13553311866470058 0.30351741011185185 0.026944355148689196 -0.006508867345256219 -0.0029853097007515655 0.003362735917756728 0.005478542735579715 -0.0019537461104183547 -0.02386052575288985 -0.05747025902011659 -0.09014591843126833 -0.11245907052227613 
0.009865811945252288 0.026944355148689196 0.0108515690640536 0.004224216876825718 0.0014139787748285745 -6.920510263347131e-05 -0.0008488594242031961 -0.0007353406087259155 0.0006846623681711157 0.0032526895480483892 0.005919624976440833 0.007813176412647345 
0.0032195846994500245 -0.006508867345256219 0.004224216876825718 0.0038001688710875142 0.002264713107463077 0.0009447253519925636 -0.00010325674424845731 -0.0007331255503645125 -0.0006698650271431101 0.00013903075797360996 0.0012404718455332716 0.002127255158873084 
-0.01913291540751129 -0.0029853097007515655 0.0014139787748285745 0.002264713107463077 0.0024060157169315715 0.002105071175353103 0.0011457854410864006 -0.0010048713279053598 -0.004788234919657657 -0.009618558931907287 -0.013873613983271214 -0.016586622620478345 
-0.029147993286380822 0.003362735917756728 -6.920510263347131e-05 0.0009447253519925636 0.002105071175353103 0.002571691538630375 0.0019342597761920917 -0.000678825795273892 -0.006088708570148228 -0.01350301318507749 -0.020306036609535134 -0.024772860720676654 
-0.0160405342133517 0.005478542735579715 -0.0008488594242031961 -0.00010325674424845731 0.0011457854410864006 0.0019342597761920917 0.0020209107396565356 0.0008771049925738626 -0.002052486187019664 -0.006365827574077992 -0.01047282657155725 -0.013237839178025809 
0.039272018460242794 -0.0019537461104183547 -0.0007353406087259155 -0.0007331255503645125 -0.0010048713279053598 -0.000678825795273892 0.0008771049925738626 0.004729069724809529 0.011766968990014904 0.02091648430368236 0.02906380584939441 0.03429987090807014 
0.15456303371363914 -0.02386052575288985 0.0006846623681711157 -0.0006698650271431101 -0.004788234919657657 -0.006088708570148228 -0.002052486187019664 0.011766968990014904 0.039392430856766865 0.07673777171163636 0.1107483123895692 0.13296311767560087 
0.3130335864180974 -0.05747025902011659 0.0032526895480483892 0.00013903075797360996 -0.009618558931907287 -0.01350301318507749 -0.006365827574077992 0.02091648430368236 0.07673777171163636 0.1529084092606044 0.22263845003667873 0.2683516896464923 
0.4586893870896268 -0.09014591843126833 0.005919624976440833 0.0012404718455332716 -0.013873613983271214 -0.020306036609535134 -0.01047282657155725 0.02906380584939441 0.1107483123895692 0.22263845003667873 0.32528450226911443 0.39267693281641813 
0.5544489910979167 -0.11245907052227613 0.007813176412647345 0.002127255158873084 -0.016586622620478345 -0.024772860720676654 -0.013237839178025809 0.03429987090807014 0.13296311767560087 0.2683516896464923 0.39267693281641813 0.4743594592293309 
