6.947506387513951e-07 1.1606455683502617e-05 0.00014830874070578354 4.8731210488559706e-05 1.5914540802315646e-05 9.470680942847558e-06 9.259029708629519e-06 1.0391877346031514e-05 1.1772090941579044e-05 1.3179466132962518e-05 1.4580675408171671e-05 1.597565030480128e-05 
1.1606455683502617e-05 0.0015470206138881008 0.0040263626736360865 0.0017251721009200474 0.0007098918657805603 0.0003389297251978977 0.00022262202305286917 0.00019801184785531062 0.00020517185480842059 0.00022307911270475817 0.00024455946462945886 0.0002672120525580216 
0.00014830874070578354 0.0040263626736360865 0.09650432535978092 0.026301312173920437 0.005594282264307185 0.0019385086217922768 0.001733854813080915 0.0020808452707306068 0.0024523727317661624 0.0027894110551849234 0.003103574486047147 0.0034071018548656987 
4.8731210488559706e-05 0.0017251721009200474 0.026301312173920437 0.011214257464176546 0.0037361878620334505 0.0015083972443107978 0.0009192493760699284 0.0008147986321061682 0.0008529753506986399 0.0009330608838622508 0.0010254417317343797 0.0011214225283995057 
1.5914540802315646e-05 0.0007098918657805603 0.005594282264307185 0.0037361878620334505 0.00156213095041531 0.0006833592409686927 0.00038334381137187026 0.0002987895077213644 0.000290706893692394 0.0003090675907920289 0.00033640703787987246 0.000366753803794308 
9.470680942847558e-06 0.0003389297251978977 0.0019385086217922768 0.0015083972443107978 0.0006833592409686927 0.00032593187025493133 0.00020197595059934836 0.0001693974173540689 0.00017030818516873184 0.00018306836138385062 0.00019992287645248158 0.00021816790346835293 
9.259029708629519e-06 0.00022262202305286917 0.001733854813080915 0.0009192493760699284 0.00038334381137187026 0.00020197595059934836 0.0001533080166627912 0.00014962668217944217 0.00016088142457714737 0.000177041097235695 0.00019479820413997024 0.00021307204011085233 
1.0391877346031514e-05 0.00019801184785531062 0.0020808452707306068 0.0008147986321061682 0.0002987895077213644 0.0001693974173540689 0.00014962668217944217 0.00015962571502709273 0.00017759663156464279 0.00019766689638237231 0.00021827716428724387 0.00023902159510629073 
1.1772090941579044e-05 0.00020517185480842059 0.0024523727317661624 0.0008529753506986399 0.000290706893692394 0.00017030818516873184 0.00016088142457714737 0.00017759663156464279 0.0002000200954651958 0.00022351157873430803 0.00024712717696133565 0.0002707197961935905 
1.3179466132962518e-05 0.00022307911270475817 0.0027894110551849234 0.0009330608838622508 0.0003090675907920289 0.00018306836138385062 0.000177041097235695 0.00019766689638237231 0.00022351157873430803 0.00025008420311361016 0.00027662029832659047 0.0003030673343413661 
1.4580675408171671e-05 0.00024455946462945886 0.003103574486047147 0.0010254417317343797 0.00033640703787987246 0.00019992287645248158 0.00019479820413997024 0.00021827716428724387 0.00024712717696133565 0.00027662029832659047 0.0003060117781752997 0.00033528253304542015 
1.597565030480128e-05 0.0002672120525580216 0.0034071018548656987 0.0011214225283995057 0.000366753803794308 0.00021816790346835293 0.00021307204011085233 0.00023902159510629073 0.0002707197961935905 0.0003030673343413661 0.00033528253304542015 0.0003673578250750943 
