2.4978987796775494e-06 3.23410521054975e-05 0.0007397452526319828 0.00024850332956926176 7.462723003876376e-05 3.772996780192197e-05 3.39208128743544e-05 3.740760955800932e-05 4.229452243256298e-05 4.736262214093063e-05 5.24122943904865e-05 5.7434160513623754e-05 
3.23410521054975e-05 0.00360750428077725 0.01649808419399603 0.00669754144777621 0.0023963925762752604 0.0010203552763135817 0.0006279542225050184 0.0005493996405383433 0.0005695754018005669 0.0006205278689574799 0.0006810014002068341 0.0007444007806736516 
0.0007397452526319828 0.01649808419399603 0.49577706853929576 0.15911103310646635 0.04055099354863211 0.014502004745693367 0.010390037955604675 0.01098633683375617 0.012439365983347364 0.013982900886656675 0.015503416948036718 0.017001849367571122 
0.00024850332956926176 0.00669754144777621 0.15911103310646635 0.06486631061685412 0.02041606621232486 0.007806577477606925 0.0046332219717678345 0.004111866077572795 0.004328673030873397 0.0047493645791741096 0.005225852810620398 0.005717434884374952 
7.462723003876376e-05 0.0023963925762752604 0.04055099354863211 0.02041606621232486 0.007363196060071815 0.0029750494743580485 0.0016574968210475358 0.0013377113268011125 0.00133775085267091 0.0014397187805267433 0.0015740350885720727 0.001718582671769523 
3.772996780192197e-05 0.0010203552763135817 0.014502004745693367 0.007806577477606925 0.0029750494743580485 0.001288805245268728 0.0007763337842833196 0.0006587284088619908 0.0006713415724233825 0.0007264787331389286 0.0007954019049859664 0.0008687684689578142 
3.39208128743544e-05 0.0006279542225050184 0.010390037955604675 0.0046332219717678345 0.0016574968210475358 0.0007763337842833196 0.0005606734413479242 0.0005442718314507153 0.0005871354312479451 0.0006475865160439558 0.0007132463153431018 0.0007804454010264067 
3.740760955800932e-05 0.0005493996405383433 0.01098633683375617 0.004111866077572795 0.0013377113268011125 0.0006587284088619908 0.0005442718314507153 0.0005735551752260925 0.0006381417637250247 0.0007109398124203196 0.0007854734359758633 0.0008603041214331998 
4.229452243256298e-05 0.0005695754018005669 0.012439365983347364 0.004328673030873397 0.00133775085267091 0.0006713415724233825 0.0005871354312479451 0.0006381417637250247 0.0007178383732444165 0.0008025429290397549 0.0008876523822789525 0.0009725471608631042 
4.736262214093063e-05 0.0006205278689574799 0.013982900886656675 0.0047493645791741096 0.0014397187805267433 0.0007264787331389286 0.0006475865160439558 0.0007109398124203196 0.0008025429290397549 0.0008982519441451096 0.0009938612052986533 0.0010890329339220228 
5.24122943904865e-05 0.0006810014002068341 0.015503416948036718 0.005225852810620398 0.0015740350885720727 0.0007954019049859664 0.0007132463153431018 0.0007854734359758633 0.0008876523822789525 0.0009938612052986533 0.0010997688462681516 0.0012051238951782308 
5.7434160513623754e-05 0.0007444007806736516 0.017001849367571122 0.005717434884374952 0.001718582671769523 0.0008687684689578142 0.0007804454010264067 0.0008603041214331998 0.0009725471608631042 0.0010890329339220228 0.0012051238951782308 0.0013205859787842034 
