8.36408772429876e-06 0.00011530639469867882 0.0018908643192593316 0.0004666578076057576 0.00012017866797604871 8.371740683735642e-05 9.996224746051698e-05 0.00012098700967677849 0.00014030234898866384 0.00015818934965871427 0.00017537875741055714 0.00019227924050362736 
0.00011530639469867882 0.014569345448971987 0.07526432963865579 0.026239514303786533 0.008511222626200646 0.003464094104334125 0.0021513063546178975 0.001925679226263674 0.0020197997924373615 0.002209110848019551 0.002427095854246782 0.0026538123818798474 
0.0018908643192593316 0.07526432963865579 1.2826467119150917 0.37316167950886725 0.08907297271471636 0.031889946133312 0.024847052260774966 0.027542994244368506 0.03163259536239311 0.0356936613003905 0.03961466935281886 0.04345472909732314 
0.0004666578076057576 0.026239514303786533 0.37316167950886725 0.17364779829856652 0.059819394221478146 0.022687672453957974 0.011589241177190486 0.008736916277392755 0.008479552238983801 0.009038359137702867 0.009853874314960803 0.010750135117651863 
0.00012017866797604871 0.008511222626200646 0.08907297271471636 0.059819394221478146 0.02416568988188648 0.009602582762581677 0.004445609141738393 0.00278838024703668 0.0023754941427926637 0.0023943600758712623 0.002560483936819241 0.0027761875033499484 
8.371740683735642e-05 0.003464094104334125 0.031889946133312 0.022687672453957974 0.009602582762581677 0.004142896912834703 0.0022231484244163158 0.00164736160580646 0.0015563192376189846 0.0016353664015361018 0.0017729622364051627 0.0019304244916134622 
9.996224746051698e-05 0.0021513063546178975 0.024847052260774966 0.011589241177190486 0.004445609141738393 0.0022231484244163158 0.001655904308980291 0.0016128183406833574 0.0017355130435824733 0.0019108285278402204 0.0021028973568584857 0.0023003114744069623 
0.00012098700967677849 0.001925679226263674 0.027542994244368506 0.008736916277392755 0.00278838024703668 0.00164736160580646 0.0016128183406833574 0.0018110096580542154 0.002051065546838021 0.0022957031376839303 0.0025394189085174335 0.002782192007530323 
0.00014030234898866384 0.0020197997924373615 0.03163259536239311 0.008479552238983801 0.0023754941427926637 0.0015563192376189846 0.0017355130435824733 0.002051065546838021 0.002361170204660943 0.0026562038631283607 0.0029427858234094832 0.003225674256961219 
0.00015818934965871427 0.002209110848019551 0.0356936613003905 0.009038359137702867 0.0023943600758712623 0.0016353664015361018 0.0019108285278402204 0.0022957031376839303 0.0026562038631283607 0.0029927580194838367 0.0033172461226667806 0.0036366714111034895 
0.00017537875741055714 0.002427095854246782 0.03961466935281886 0.009853874314960803 0.002560483936819241 0.0017729622364051627 0.0021028973568584857 0.0025394189085174335 0.0029427858234094832 0.0033172461226667806 0.0036774642126400255 0.004031761689963124 
0.00019227924050362736 0.0026538123818798474 0.04345472909732314 0.010750135117651863 0.0027761875033499484 0.0019304244916134622 0.0023003114744069623 0.002782192007530323 0.003225674256961219 0.0036366714111034895 0.004031761689963124 0.0044202565168802626 
