4.716348329457323e-06 5.017893501725649e-05 0.0010928742715060871 0.0003354790152576561 9.847847618463084e-05 5.804749479981985e-05 5.9911692667685175e-05 6.932109053659617e-05 7.943914011582732e-05 8.929193889284186e-05 9.891737801083582e-05 0.00010842871859328091 
5.017893501725649e-05 0.007659607078322823 0.02623513987190389 0.011921227073426301 0.004612382959421495 0.001971410764940116 0.0011257463927758637 0.0009081988320851489 0.0009035352825868543 0.000969642329579626 0.00105894283319541 0.0011557602935787586 
0.0010928742715060871 0.02623513987190389 0.718915157071466 0.2167439717147038 0.05144140950392031 0.018034372485693125 0.01405389208786073 0.015748554496834526 0.01820140343549234 0.02059448950040121 0.02288167155286215 0.025110002407837 
0.0003354790152576561 0.011921227073426301 0.2167439717147038 0.09512972601628143 0.0315241576708177 0.012163987569418694 0.006864175477236427 0.005768166462979365 0.005918505241933889 0.006436772389508066 0.007063180073916385 0.007721217203213037 
9.847847618463084e-05 0.004612382959421495 0.05144140950392031 0.0315241576708177 0.012448416229557474 0.00511071531395264 0.002649786310500401 0.0019359999757034851 0.0018261314551492839 0.001921002237980189 0.0020843216918389595 0.0022702805347359608 
5.804749479981985e-05 0.001971410764940116 0.018034372485693125 0.012163987569418694 0.00511071531395264 0.0022787295086250385 0.0013233601435774297 0.0010642414883005465 0.001051755852699359 0.0011244681215593342 0.001226098195038655 0.0013374146843155527 
5.9911692667685175e-05 0.0011257463927758637 0.01405389208786073 0.006864175477236427 0.002649786310500401 0.0013233601435774297 0.0009862548051649345 0.0009631242924579652 0.001038447451674033 0.001144475065251999 0.0012600371543265716 0.0013785486899246632 
6.932109053659617e-05 0.0009081988320851489 0.015748554496834526 0.005768166462979365 0.0019359999757034851 0.0010642414883005465 0.0009631242924579652 0.0010494927710238214 0.0011785717954977723 0.0013162582991649977 0.0014552140170671435 0.0015941391475176338 
7.943914011582732e-05 0.0009035352825868543 0.01820140343549234 0.005918505241933889 0.0018261314551492839 0.001051755852699359 0.001038447451674033 0.0011785717954977723 0.001341979897983125 0.0015053688409311582 0.0016665821103074598 0.001826467777039007 
8.929193889284186e-05 0.000969642329579626 0.02059448950040121 0.006436772389508066 0.001921002237980189 0.0011244681215593342 0.001144475065251999 0.0013162582991649977 0.0015053688409311582 0.0016910055504317431 0.0018729170679397612 0.0020528775760554996 
9.891737801083582e-05 0.00105894283319541 0.02288167155286215 0.007063180073916385 0.0020843216918389595 0.001226098195038655 0.0012600371543265716 0.0014552140170671435 0.0016665821103074598 0.0018729170679397612 0.0020746829693911463 0.0022741281480956814 
0.00010842871859328091 0.0011557602935787586 0.025110002407837 0.007721217203213037 0.0022702805347359608 0.0013374146843155527 0.0013785486899246632 0.0015941391475176338 0.001826467777039007 0.0020528775760554996 0.0022741281480956814 0.0024927802527215334 
