7.734907808072988e-06 0.0001004445531007413 0.0023384090884106565 0.0006758637940551326 0.00017484244932500868 9.188124017376152e-05 9.498847814207603e-05 0.0001119880782534099 0.000129541719146898 0.00014614443885272913 0.0001621136414331152 0.00017778362301746074 
0.0001004445531007413 0.013879072091811318 0.05219423207179485 0.021284029096071085 0.007865249236310134 0.0033870715751582302 0.002044879022254854 0.001743974039901995 0.0017832048570095513 0.001932411062728327 0.00211688525441553 0.0023125910459810845 
0.0023384090884106565 0.05219423207179485 1.5207493424236276 0.4044120403597808 0.0809830296875167 0.027026283788777063 0.02579781924953633 0.03217896955928685 0.038419321157618994 0.04388650434426257 0.04889920825304705 0.05370734663380047 
0.0006758637940551326 0.021284029096071085 0.4044120403597808 0.14314473434361596 0.04114465415610455 0.015803128269616225 0.010641523905188922 0.010493251669731028 0.011533883729010297 0.012835181852752743 0.014185138343149613 0.015540524887592732 
0.00017484244932500868 0.007865249236310134 0.0809830296875167 0.04114465415610455 0.01534337697439232 0.006457414943532827 0.0037489435715894626 0.00309979882749084 0.003125707978240811 0.0033710717685121825 0.0036873184194898367 0.00402633408802028 
9.188124017376152e-05 0.0033870715751582302 0.027026283788777063 0.015803128269616225 0.006457414943532827 0.002964087970161066 0.001857073821569733 0.0015998163692765971 0.0016352894444339227 0.0017697852252407966 0.0019373345538338063 0.002115802549636298 
9.498847814207603e-05 0.002044879022254854 0.02579781924953633 0.010641523905188922 0.0037489435715894626 0.001857073821569733 0.001459492654170154 0.0014858888212064137 0.0016310114317583252 0.00180893789921652 0.001995769078276369 0.0021849592673509072 
0.0001119880782534099 0.001743974039901995 0.03217896955928685 0.010493251669731028 0.00309979882749084 0.0015998163692765971 0.0014858888212064137 0.0016636958794911468 0.0018910416063798667 0.0021214398046076836 0.0023490521688521774 0.002574661893405565 
0.000129541719146898 0.0017832048570095513 0.038419321157618994 0.011533883729010297 0.003125707978240811 0.0016352894444339227 0.0016310114317583252 0.0018910416063798667 0.0021752395355341837 0.002449625834278321 0.0027157437061947815 0.002977709756618622 
0.00014614443885272913 0.001932411062728327 0.04388650434426257 0.012835181852752743 0.0033710717685121825 0.0017697852252407966 0.00180893789921652 0.0021214398046076836 0.002449625834278321 0.0027620089759333726 0.003063256571737401 0.003359158327504669 
0.0001621136414331152 0.00211688525441553 0.04889920825304705 0.014185138343149613 0.0036873184194898367 0.0019373345538338063 0.001995769078276369 0.0023490521688521774 0.0027157437061947815 0.003063256571737401 0.0033977829665112202 0.003726145923408981 
0.00017778362301746074 0.0023125910459810845 0.05370734663380047 0.015540524887592732 0.00402633408802028 0.002115802549636298 0.0021849592673509072 0.002574661893405565 0.002977709756618622 0.003359158327504669 0.003726145923408981 0.004086293266615202 
