1.0099977107395206e-05 0.0001273902923305964 0.0011854349568608642 0.00030354554653910445 0.00011039201024252036 0.00010243407392793944 0.00012433428514518143 0.0001480766180413549 0.0001702630873162981 0.00019134227461727139 0.00021189323124828135 0.00023222544655230733 
0.0001273902923305964 0.01965471894521424 0.03729470167613733 0.020350380907084346 0.009596790375237089 0.004667570866799083 0.002853500936973299 0.0023359546600546684 0.002313247193975495 0.0024708521885893147 0.0026922208784020845 0.0029356694652576533 
0.0011854349568608642 0.03729470167613733 1.249042697463967 0.3332290973188701 0.06353863923183511 0.015847261705955556 0.012399073377766148 0.015724752726810492 0.019187652343948227 0.022128385202182306 0.02474351439922982 0.02720996446157396 
0.00030354554653910445 0.020350380907084346 0.3332290973188701 0.1593921350931746 0.05431470135728319 0.01957628452290772 0.0090103414923087 0.006123623224561543 0.00564483595156556 0.005916187116136149 0.006419965143848444 0.00699540617273254 
0.00011039201024252036 0.009596790375237089 0.06353863923183511 0.05431470135728319 0.023599368802703653 0.009645588308191346 0.00443732625847933 0.0026953484908096596 0.0022295232913321964 0.002215483796861495 0.0023572739433976135 0.00255181598696888 
0.00010243407392793944 0.004667570866799083 0.015847261705955556 0.01957628452290772 0.009645588308191346 0.004537203873517006 0.002583704784551695 0.0019796616378371344 0.0018943834938523684 0.0019981360487567146 0.0021684774641851324 0.002361732980904023 
0.00012433428514518143 0.002853500936973299 0.012399073377766148 0.0090103414923087 0.00443732625847933 0.002583704784551695 0.002043973989288875 0.0020116187854730934 0.0021630410781007725 0.0023787448665964768 0.002616407942620471 0.0028614448025883346 
0.0001480766180413549 0.0023359546600546684 0.015724752726810492 0.006123623224561543 0.0026953484908096596 0.0019796616378371344 0.0020116187854730934 0.002241156295337987 0.0025213840840572553 0.002814063657205779 0.003109593515357994 0.0034056941264903108 
0.0001702630873162981 0.002313247193975495 0.019187652343948227 0.00564483595156556 0.0022295232913321964 0.0018943834938523684 0.0021630410781007725 0.0025213840840572553 0.0028793173843425393 0.0032287831751351896 0.0035731414210739237 0.003915174271721712 
0.00019134227461727139 0.0024708521885893147 0.022128385202182306 0.005916187116136149 0.002215483796861495 0.0019981360487567146 0.0023787448665964768 0.002814063657205779 0.0032287831751351896 0.0036260651937696383 0.004014666305456284 0.0043996014282041045 
0.00021189323124828135 0.0026922208784020845 0.02474351439922982 0.006419965143848444 0.0023572739433976135 0.0021684774641851324 0.002616407942620471 0.003109593515357994 0.0035731414210739237 0.004014666305456284 0.004445563887414057 0.0048720369202990685 
0.00023222544655230733 0.0029356694652576533 0.02720996446157396 0.00699540617273254 0.00255181598696888 0.002361732980904023 0.0028614448025883346 0.0034056941264903108 0.003915174271721712 0.0043996014282041045 0.0048720369202990685 0.005339498798284844 
