0.33543168189739925 0.039172229337350914 -0.005211884348778353 0.01934108922695981 0.04155673939836478 0.03630191325570605 0.016538902901778074 0.006035927823987035 0.0025152784433634147 0.001456772114535397 0.0011432377648143838 
0.039172229337350914 0.03633931118122814 0.03321972841518882 0.03287145764967499 0.032576644729282275 0.03189062344581912 0.03140260502512437 0.03126238332091339 0.031237383944261447 0.03123479962227915 0.03123524629480739 
-0.005211884348778353 0.03321972841518882 0.041209923802112386 0.03786109553895401 0.034092373621337185 0.033064940590699594 0.03428841215204775 0.0351654397240573 0.03548942915904511 0.03559139580935154 0.035622311454626084 
0.01934108922695981 0.03287145764967499 0.03786109553895401 0.03835685255428853 0.03741922047206916 0.035277246028470544 0.033615439483970604 0.033039027033005916 0.0328912427749341 0.03285492730536981 0.032845775179442906 
0.04155673939836478 0.032576644729282275 0.034092373621337185 0.03741922047206916 0.03899820879451679 0.03677217083090802 0.03347890523801544 0.03198200494930325 0.03151968243246202 0.03138815754016345 0.031350776792410495 
0.03630191325570605 0.03189062344581912 0.033064940590699594 0.035277246028470544 0.03677217083090802 0.03651200139260999 0.03533854974753532 0.03470926171506147 0.03449798666487066 0.03443450284400915 0.03441572674366651 
0.016538902901778074 0.03140260502512437 0.03428841215204775 0.033615439483970604 0.03347890523801544 0.03533854974753532 0.037412277966357266 0.038273392058359654 0.03852495429297462 0.03859362714274353 0.03861251106930197 
0.006035927823987035 0.03126238332091339 0.0351654397240573 0.033039027033005916 0.03198200494930325 0.03470926171506147 0.038273392058359654 0.03983847208103064 0.04031230184356504 0.040445205021400255 0.04048256672232455 
0.0025152784433634147 0.031237383944261447 0.03548942915904511 0.0328912427749341 0.03151968243246202 0.03449798666487066 0.03852495429297462 0.04031230184356504 0.04085700049979027 0.04101053387757585 0.041053866285654966 
0.001456772114535397 0.03123479962227915 0.03559139580935154 0.03285492730536981 0.03138815754016345 0.03443450284400915 0.03859362714274353 0.040445205021400255 0.04101053387757585 0.04117010706301489 0.04121519594655443 
0.0011432377648143838 0.03123524629480739 0.035622311454626084 0.032845775179442906 0.031350776792410495 0.03441572674366651 0.03861251106930197 0.04048256672232455 0.041053866285654966 0.04121519594655443 0.041260797794116864 
