0.3267350998515695 0.020999262262183904 -0.023982197803701744 0.000986384379665757 0.023737812643682066 0.018808076437051 -0.0009782284539246698 -0.011561585096362344 -0.01512139439279481 -0.016194422941941535 -0.01651295687052926 
0.020999262262183904 0.018714304770144286 0.015698777923241487 0.015351048923608265 0.015042282877055968 0.01436135703536812 0.01388917652239447 0.013757253022477612 0.013735012156803951 0.013733250923986619 0.01373393973987903 
-0.023982197803701744 0.015698777923241487 0.023776573968636902 0.020351606806044618 0.01650941318254499 0.015464929328578658 0.016718734580452567 0.017617090087959506 0.017949178710615663 0.018053796371935174 0.01808555216289586 
0.000986384379665757 0.015351048923608265 0.020351606806044618 0.02078047975163214 0.019789388128615512 0.017653919512032032 0.016037278261812574 0.015487070360513396 0.015348668985934571 0.015315342053719436 0.015307121770477564 
0.023737812643682066 0.015042282877055968 0.01650941318254499 0.019789388128615512 0.021339058719383287 0.019134054462891535 0.01588672188349068 0.014413913444459654 0.01395988571668224 0.013830947412856762 0.013794361519767383 
0.018808076437051 0.01436135703536812 0.015464929328578658 0.017653919512032032 0.019134054462891535 0.018873844080236145 0.017712839883697918 0.01709166205484199 0.01688352424007774 0.016821100891629272 0.016802671159768155 
-0.0009782284539246698 0.01388917652239447 0.016718734580452567 0.016037278261812574 0.01588672188349068 0.017712839883697918 0.019761072356620987 0.020614024463499768 0.020863804232809292 0.020932153359515624 0.020950994811409943 
-0.011561585096362344 0.013757253022477612 0.017617090087959506 0.015487070360513396 0.014413913444459654 0.01709166205484199 0.020614024463499768 0.02216430111241709 0.02263441363379133 0.022766466623894373 0.022803642853950527 
-0.01512139439279481 0.013735012156803951 0.017949178710615663 0.015348668985934571 0.01395988571668224 0.01688352424007774 0.020863804232809292 0.02263441363379133 0.02317484914982154 0.0233273885020574 0.023370497737211476 
-0.016194422941941535 0.013733250923986619 0.018053796371935174 0.015315342053719436 0.013830947412856762 0.016821100891629272 0.020932153359515624 0.022766466623894373 0.0233273885020574 0.023485931090242714 0.023530787621069915 
-0.01651295687052926 0.01373393973987903 0.01808555216289586 0.015307121770477564 0.013794361519767383 0.016802671159768155 0.020950994811409943 0.022803642853950527 0.023370497737211476 0.023530787621069915 0.02357615494230677 
