0.33931351412838984 0.03792271444071645 -0.006769776307332935 0.017930419260067797 0.040543258717335995 0.03594752599966277 0.016620529019263853 0.0062462287957168496 0.0027521255393785464 0.0016983145923039067 0.0013854440746488977 
0.03792271444071645 0.035752918397077914 0.03275327471103126 0.032359804863264355 0.03202456372480139 0.031371734581378076 0.030946417641253013 0.03083637702700789 0.030820919550545528 0.030821062486509822 0.03082227693268444 
-0.006769776307332935 0.03275327471103126 0.040884097173387715 0.0374518528841895 0.03358132375196878 0.03248341506646938 0.03369448342665288 0.03457698297897838 0.03490462049165863 0.03500801795452705 0.0350394259690647 
0.017930419260067797 0.032359804863264355 0.0374518528841895 0.037898890624678765 0.0369002239955567 0.03473340834586597 0.033087203121718214 0.03252512864039858 0.032383233146865344 0.03234892398067475 0.032340422506392894 
0.040543258717335995 0.03202456372480139 0.03358132375196878 0.0369002239955567 0.03846708203384079 0.03625644683924065 0.03299365087010648 0.03151292376940653 0.031056295702118923 0.03092659346146709 0.0308897890113346 
0.03594752599966277 0.031371734581378076 0.03248341506646938 0.03473340834586597 0.03625644683924065 0.03598734212433241 0.034791229538311604 0.034151577495256644 0.03393735405139689 0.03387314614812913 0.033854205183606476 
0.016620529019263853 0.030946417641253013 0.03369448342665288 0.033087203121718214 0.03299365087010648 0.034791229538311604 0.03677329387307697 0.03759330408511888 0.03783245478966389 0.03789770621596769 0.03791565600640328 
0.0062462287957168496 0.03083637702700789 0.03457698297897838 0.03252512864039858 0.03151292376940653 0.034151577495256644 0.03759330408511888 0.03910409791926056 0.039561544368701004 0.039689909322996056 0.039726021080424466 
0.0027521255393785464 0.030820919550545528 0.03490462049165863 0.032383233146865344 0.031056295702118923 0.03393735405139689 0.03783245478966389 0.039561544368701004 0.04008867821439542 0.04023734384929271 0.04027933358687248 
0.0016983145923039067 0.030821062486509822 0.03500801795452705 0.03234892398067475 0.03092659346146709 0.03387314614812913 0.03789770621596769 0.039689909322996056 0.04023734384929271 0.04039195784553515 0.04043567839112547 
0.0013854440746488977 0.03082227693268444 0.0350394259690647 0.032340422506392894 0.0308897890113346 0.033854205183606476 0.03791565600640328 0.039726021080424466 0.04027933358687248 0.04043567839112547 0.04047990470103191 
