0.330410517426526 0.018085875044495922 -0.02731558667973176 -0.0025794576364709196 0.019879879053841164 0.014430833790608052 -0.005776561674373229 -0.016519585973846493 -0.02012546804350078 -0.021211507318235262 -0.021533849524406547 
0.018085875044495922 0.015323950757664562 0.012284576961834373 0.011841726208360848 0.011476302254248779 0.010807837216076204 0.010373755307069086 0.010259655711758318 0.010242600986248088 0.010242157593766173 0.010243164016697729 
-0.02731558667973176 0.012284576961834373 0.020224298751235055 0.016932948276843274 0.013208327636650698 0.0121731567378998 0.013371448059125558 0.014237488763386272 0.014558617749321635 0.014659976782763602 0.014690787159103762 
-0.0025794576364709196 0.011841726208360848 0.016932948276843274 0.01753388340056738 0.016636612716844284 0.014437559543840107 0.01270244952346528 0.012096237176244322 0.011940313285129898 0.011901988985595661 0.01189235297699049 
0.019879879053841164 0.011476302254248779 0.013208327636650698 0.016636612716844284 0.018230806397465535 0.015927445345125097 0.012553329504667851 0.011025419930533836 0.01055486670345246 0.010421339534383907 0.010383478406836481 
0.014430833790608052 0.010807837216076204 0.0121731567378998 0.014437559543840107 0.015927445345125097 0.015629750989063607 0.014429506141466004 0.013793345440687142 0.013581289306671657 0.013517947253908317 0.013499313952807642 
-0.005776561674373229 0.010373755307069086 0.013371448059125558 0.01270244952346528 0.012553329504667851 0.014429506141466004 0.01653924141902367 0.017420495370357253 0.017679511446188824 0.017750693868186493 0.017770412412052156 
-0.016519585973846493 0.010259655711758318 0.014237488763386272 0.012096237176244322 0.011025419930533836 0.013793345440687142 0.017420495370357253 0.019017242008401443 0.01950203674512084 0.019638461551731323 0.01967695475762216 
-0.02012546804350078 0.010242600986248088 0.014558617749321635 0.011940313285129898 0.01055486670345246 0.013581289306671657 0.017679511446188824 0.01950203674512084 0.020058772077090777 0.020216136979876478 0.02026069211678617 
-0.021211507318235262 0.010242157593766173 0.014659976782763602 0.011901988985595661 0.010421339534383907 0.013517947253908317 0.017750693868186493 0.019638461551731323 0.020216136979876478 0.020379631591534504 0.020425969744151423 
-0.021533849524406547 0.010243164016697729 0.014690787159103762 0.01189235297699049 0.010383478406836481 0.013499313952807642 0.017770412412052156 0.01967695475762216 0.02026069211678617 0.020425969744151423 0.020472828712787963 
