0.32304209285514035 0.027339080961969856 -0.01641321464131585 0.007897411556090299 0.03023787740407583 0.026027316708518815 0.00728858366574333 -0.002812613826647485 -0.006220392154512731 -0.007248981744564967 -0.007554467048566681 
0.027339080961969856 0.025636496210531635 0.02274583811859618 0.022191279462068034 0.021742231644783016 0.021116284720206376 0.020778064112421852 0.02071128089443795 0.020709437904126153 0.02071342993952647 0.020715718504514747 
-0.01641321464131585 0.02274583811859618 0.03069205054106792 0.02735047340892231 0.023529459012095445 0.022344653845202428 0.02344055215472093 0.024273604541467184 0.024586696268517727 0.02468613679213198 0.024716465751520877 
0.007897411556090299 0.022191279462068034 0.02735047340892231 0.027934351735415135 0.026992954080897122 0.02472666498123893 0.02294617236586868 0.022325597169695916 0.02216628614455191 0.02212719923856004 0.022117389390555936 
0.03023787740407583 0.021742231644783016 0.023529459012095445 0.026992954080897122 0.028614635068902335 0.02632123512551545 0.022941270961309847 0.021408461530325936 0.020936104412153805 0.020802041207042696 0.020764033971259536 
0.026027316708518815 0.021116284720206376 0.022344653845202428 0.02472666498123893 0.02632123512551545 0.026008440735093112 0.024725128640840473 0.0240434759851745 0.023815955878643342 0.02374792360642282 0.023727892616550998 
0.00728858366574333 0.020778064112421852 0.02344055215472093 0.02294617236586868 0.022941270961309847 0.024725128640840473 0.026640420831340855 0.02742474273162454 0.027651964465734754 0.027713640328991956 0.027730532226499252 
-0.002812613826647485 0.02071128089443795 0.024273604541467184 0.022325597169695916 0.021408461530325936 0.0240434759851745 0.02742474273162454 0.028901627304864286 0.029347472616571245 0.029472299315006556 0.029507347750076674 
-0.006220392154512731 0.020709437904126153 0.024586696268517727 0.02216628614455191 0.020936104412153805 0.023815955878643342 0.027651964465734754 0.029347472616571245 0.0298630438638783 0.030008165672955715 0.03004908562075198 
-0.007248981744564967 0.02071342993952647 0.02468613679213198 0.02212719923856004 0.020802041207042696 0.02374792360642282 0.027713640328991956 0.029472299315006556 0.030008165672955715 0.030159229565904788 0.030201877116820125 
-0.007554467048566681 0.020715718504514747 0.024716465751520877 0.022117389390555936 0.020764033971259536 0.023727892616550998 0.027730532226499252 0.029507347750076674 0.03004908562075198 0.030201877116820125 0.030245029099578255 
