0.31275221992825025 0.017781200644099517 -0.026034990909854408 -0.0016499992212678314 0.020236675636709514 0.014754152982441619 -0.00502826809204345 -0.015500301865494752 -0.019004606427111187 -0.020057250667484205 -0.020368908979366336 
0.017781200644099517 0.01496107638777509 0.011895855977925095 0.011563167254436176 0.011259024844241806 0.010542250137462296 0.010025633278299684 0.009873611818589029 0.00984493038366836 0.009841223226365029 0.009841316287922652 
-0.026034990909854408 0.011895855977925095 0.01972714339349317 0.016406248471067007 0.012703686325271519 0.011704023844302613 0.012910167341242196 0.013771529392625645 0.0140892298650426 0.014189112632594992 0.014219373266795362 
-0.0016499992212678314 0.011563167254436176 0.016406248471067007 0.01695718113855684 0.01606620197899538 0.01391183212254712 0.012215661409070792 0.011623566706413286 0.011471360749909206 0.011433972076803528 0.011424579114843642 
0.020236675636709514 0.011259024844241806 0.012703686325271519 0.01606620197899538 0.01764537869859864 0.015387233092815398 0.012075202750843703 0.010576602367037065 0.010115679624357547 0.009985098761536517 0.009948142498864266 
0.014754152982441619 0.010542250137462296 0.011704023844302613 0.01391183212254712 0.015387233092815398 0.015124611581796722 0.013971788935269751 0.013357394869423273 0.013152277821181627 0.013090995025594748 0.013072975715423738 
-0.00502826809204345 0.010025633278299684 0.012910167341242196 0.012215661409070792 0.012075202750843703 0.013971788935269751 0.016089746486537833 0.016970660212522824 0.01722856225771546 0.01729916076379495 0.01731863960431486 
-0.015500301865494752 0.009873611818589029 0.013771529392625645 0.011623566706413286 0.010576602367037065 0.013357394869423273 0.016970660212522824 0.018554602762484235 0.01903377218729702 0.019168143379087097 0.019205925637222468 
-0.019004606427111187 0.00984493038366836 0.0140892298650426 0.011471360749909206 0.010115679624357547 0.013152277821181627 0.01722856225771546 0.01903377218729702 0.019583261028575095 0.019738047649401673 0.01978172458802606 
-0.020057250667484205 0.009841223226365029 0.014189112632594992 0.011433972076803528 0.009985098761536517 0.013090995025594748 0.01729916076379495 0.019168143379087097 0.019738047649401673 0.019898795147711524 0.019944201544224372 
-0.020368908979366336 0.009841316287922652 0.014219373266795362 0.011424579114843642 0.009948142498864266 0.013072975715423738 0.01731863960431486 0.019205925637222468 0.01978172458802606 0.019944201544224372 0.01999011183578323 
