0.3348603442976332 0.028173189972389115 -0.017230219358241036 0.007649576925127766 0.030369391327927882 0.025440612566266386 0.005667818179004174 -0.004909707651834471 -0.008468360753982367 -0.009541371339627968 -0.009860021891913737 
0.028173189972389115 0.025771803920469658 0.02259051080775908 0.022115256181086642 0.021725627052860748 0.02105679794516808 0.02064782065704951 0.020550598553840414 0.02054021344375392 0.02054206743426235 0.020543839069618177 
-0.017230219358241036 0.02259051080775908 0.03064578397597192 0.027199319308413135 0.02335767276421654 0.02236477438527063 0.02367572479244292 0.024598482246442743 0.024938009213659084 0.025044766423211767 0.025077146015993947 
0.007649576925127766 0.022115256181086642 0.027199319308413135 0.027706380972691413 0.026783864353604518 0.02470876277327286 0.023118331462113725 0.022573076749054316 0.022435123908411438 0.022401740588286184 0.022393471724776716 
0.030369391327927882 0.021725627052860748 0.02335767276421654 0.026783864353604518 0.028446510044263705 0.026294103903149464 0.02303635830980728 0.02154831945896858 0.02108776871877667 0.020956616441153732 0.02091932446262129 
0.025440612566266386 0.02105679794516808 0.02236477438527063 0.02470876277327286 0.026294103903149464 0.026041132654313057 0.02482324284285609 0.02416755855214839 0.02394714825253725 0.023880893304845968 0.02386129733841532 
0.005667818179004174 0.02064782065704951 0.02367572479244292 0.023118331462113725 0.02303635830980728 0.02482324284285609 0.02678574234802304 0.027595630249915973 0.02783125983540332 0.027895392984162534 0.02791299186647685 
-0.004909707651834471 0.020550598553840414 0.024598482246442743 0.022573076749054316 0.02154831945896858 0.02416755855214839 0.027595630249915973 0.02910134786820321 0.029557275187101828 0.029685190664072814 0.029721167021279395 
-0.008468360753982367 0.02054021344375392 0.024938009213659084 0.022435123908411438 0.02108776871877667 0.02394714825253725 0.02783125983540332 0.029557275187101828 0.030083664999238 0.03023213853581848 0.030274075817613964 
-0.009541371339627968 0.02054206743426235 0.025044766423211767 0.022401740588286184 0.020956616441153732 0.023880893304845968 0.027895392984162534 0.029685190664072814 0.03023213853581848 0.030386645991500243 0.030430341744760975 
-0.009860021891913737 0.020543839069618177 0.025077146015993947 0.022393471724776716 0.02091932446262129 0.02386129733841532 0.02791299186647685 0.029721167021279395 0.030274075817613964 0.030430341744760975 0.03047455224347038 
