0.4377737604369823 0.09129916731925827 0.026511559966324105 0.0331683050552754 0.05194973674827427 0.07186049666619582 0.09195841383653709 0.11235163576291599 0.1331811773746807 0.15456655628617766 0.17662025631599 
0.09129916731925827 0.06327824701191888 0.054861852442180586 0.05403645296823482 0.05487316523161788 0.055898455231706966 0.05691030639619953 0.05788885527038612 0.0588367774384874 0.059759036413037675 0.06066055551891896 
0.026511559966324105 0.054861852442180586 0.06071180627330651 0.059692572486178756 0.05760564290267814 0.05549559453374589 0.05342455108190982 0.05137298770401805 0.049324572876294485 0.04726670985617726 0.04518810833524024 
0.0331683050552754 0.05403645296823482 0.059692572486178756 0.06017773780730021 0.05953974506259848 0.05875930217061268 0.05797029036009658 0.057184890592049745 0.056400543620017375 0.05561326586983134 0.05481902877128683 
0.05194973674827427 0.05487316523161788 0.05760564290267814 0.05953974506259848 0.060837830239620014 0.0619304869817363 0.06296679189689405 0.06398862927980736 0.06501011957565804 0.06603884040186465 0.06708084076733331 
0.07186049666619582 0.055898455231706966 0.05549559453374589 0.05875930217061268 0.0619304869817363 0.06485702711681651 0.0676921381138062 0.07050471588784397 0.07332481860205531 0.07617128335584941 0.07906008591649534 
0.09195841383653709 0.05691030639619953 0.05342455108190982 0.05797029036009658 0.06296679189689405 0.0676921381138062 0.07230151713276825 0.07688979756994613 0.0815025903840516 0.08616981068726264 0.09091728174734626 
0.11235163576291599 0.05788885527038612 0.05137298770401805 0.057184890592049745 0.06398862927980736 0.07050471588784397 0.07688979756994613 0.08326439011894586 0.08968959439516574 0.09620643300608991 0.10285067914631162 
0.1331811773746807 0.0588367774384874 0.049324572876294485 0.056400543620017375 0.06501011957565804 0.07332481860205531 0.0815025903840516 0.08968959439516574 0.0979625428830271 0.1063737313468405 0.11496910801648744 
0.15456655628617766 0.059759036413037675 0.04726670985617726 0.05561326586983134 0.06603884040186465 0.07617128335584941 0.08616981068726264 0.09620643300608991 0.1063737313468405 0.11673554569216152 0.12734832281491915 
0.17662025631599 0.06066055551891896 0.04518810833524024 0.05481902877128683 0.06708084076733331 0.07906008591649534 0.09091728174734626 0.10285067914631162 0.11496910801648744 0.12734832281491915 0.14005568503631896 
