0.43362980590157263 0.06650991105069422 -0.000664433158909232 0.006034253593510938 0.02524976415194592 0.045678962085375766 0.06633598293805076 0.08732397726294426 0.10878358992311499 0.1308344494516246 0.1535892956723145 
0.06650991105069422 0.03725078922657399 0.02877318680134923 0.027957092657822168 0.028806850890748983 0.02985108486602666 0.030887378319533615 0.03189565778130248 0.032878485609881394 0.03384076217603393 0.03478740349517501 
-0.000664433158909232 0.02877318680134923 0.03470943625788019 0.03369285415584624 0.031594362825165166 0.02946587685311972 0.027372017970942915 0.02529412964711241 0.023216384138982457 0.021126557722297955 0.019013642566851195 
0.006034253593510938 0.027957092657822168 0.03369285415584624 0.034168901961543895 0.033513425919662734 0.03271177157754207 0.03189845901096397 0.031085676222716446 0.03027079737125254 0.029449766647066427 0.028618472316560842 
0.02524976415194592 0.028806850890748983 0.031594362825165166 0.033513425919662734 0.03479361770692007 0.03586871654474252 0.03688673383305314 0.037888715519206285 0.03888815304137974 0.03989211757623634 0.04090622704618612 
0.045678962085375766 0.02985108486602666 0.02946587685311972 0.03271177157754207 0.03586871654474252 0.03878474538372577 0.04161047176330619 0.04441327639513413 0.04722215471059578 0.050055105709184936 0.05292740881618985 
0.06633598293805076 0.030887378319533615 0.027372017970942915 0.03189845901096397 0.03688673383305314 0.04161047176330619 0.04622075781050817 0.050810370357065704 0.05542350926608054 0.060088988245498826 0.06483172215803412 
0.08732397726294426 0.03189565778130248 0.02529412964711241 0.031085676222716446 0.037888715519206285 0.04441327639513413 0.050810370357065704 0.05719790949631865 0.06363529389366852 0.0701622287555757 0.07681340205901105 
0.10878358992311499 0.032878485609881394 0.023216384138982457 0.03027079737125254 0.03888815304137974 0.04722215471059578 0.05542350926608054 0.06363529389366852 0.07193227121708277 0.08036523624846642 0.08897889782021898 
0.1308344494516246 0.03384076217603393 0.021126557722297955 0.029449766647066427 0.03989211757623634 0.050055105709184936 0.060088988245498826 0.0701622287555757 0.08036523624846642 0.09076018806125224 0.10140214916050096 
0.1535892956723145 0.03478740349517501 0.019013642566851195 0.028618472316560842 0.04090622704618612 0.05292740881618985 0.06483172215803412 0.07681340205901105 0.08897889782021898 0.10140214916050096 0.11414899493329483 
