0.46162619132033966 0.09477033513496158 0.028578365110044003 0.03538604429982441 0.05460465704744754 0.07507469493710231 0.0958310620741656 0.1169841459012218 0.13867999022050276 0.16104338418138073 0.18419249293719356 
0.09477033513496158 0.06613128406717432 0.057802510670669424 0.05702534843539261 0.05788726423504288 0.05893673343843965 0.05997673048470176 0.06098876422469977 0.061976161625311034 0.06294439310478539 0.06389887907947608 
0.028578365110044003 0.057802510670669424 0.06366615339678017 0.06266623624320292 0.06058999964607386 0.0584801393560999 0.056400624272354365 0.05433253865395961 0.052259733476498905 0.05016965516993871 0.0480509686390443 
0.03538604429982441 0.05702534843539261 0.06266623624320292 0.0631112364774556 0.06244152736444797 0.06162942255884455 0.06080583795436127 0.05998185828830804 0.059154309255460884 0.058318713377965486 0.05747056852556131 
0.05460465704744754 0.05788726423504288 0.06058999964607386 0.06244152736444797 0.06367684387169023 0.06471697866291184 0.06570471948267798 0.06667962379523182 0.06765465644517589 0.06863657059667373 0.06963070972633092 
0.07507469493710231 0.05893673343843965 0.0584801393560999 0.06162942255884455 0.06471697866291184 0.06757920122190039 0.07036023790240964 0.07312570940277477 0.07590414462150544 0.07871335261766182 0.08156848082820545 
0.0958310620741656 0.05997673048470176 0.056400624272354365 0.06080583795436127 0.06570471948267798 0.07036023790240964 0.07491587698521394 0.07946242781893273 0.08404369803092185 0.0886884491387199 0.09342161971225024 
0.1169841459012218 0.06098876422469977 0.05433253865395961 0.05998185828830804 0.06667962379523182 0.07312570940277477 0.07946242781893273 0.08580551158534364 0.09221405953004616 0.09872787616172708 0.10538184594841452 
0.13867999022050276 0.061976161625311034 0.052259733476498905 0.059154309255460884 0.06765465644517589 0.07590414462150544 0.08404369803092185 0.09221405953004616 0.10048980402269493 0.10892199696267081 0.11755573912469167 
0.16104338418138073 0.06294439310478539 0.05016965516993871 0.058318713377965486 0.06863657059667373 0.07871335261766182 0.0886884491387199 0.09872787616172708 0.10892199696267081 0.11933345586730953 0.13001793343803628 
0.18419249293719356 0.06389887907947608 0.0480509686390443 0.05747056852556131 0.06963070972633092 0.08156848082820545 0.09342161971225024 0.10538184594841452 0.11755573912469167 0.13001793343803628 0.14283514063737723 
