0.4243479886632803 0.06352699959304303 -0.0034908413912377624 0.0027655010404052244 0.02162312009740789 0.04173974994596586 0.06210938806023873 0.08283199468355816 0.10405014934837314 0.12588728098057383 0.14846120088182796 
0.06352699959304303 0.034252350691536725 0.025518509509634937 0.024652076573006932 0.025511421365859696 0.026567544790827485 0.027610977758300712 0.02862120275676321 0.029601086394056432 0.03055587289518634 0.03149076683280266 
-0.0034908413912377624 0.025518509509634937 0.031498832739878344 0.030536182215237902 0.02846819400777169 0.0263644586164719 0.024293204126503872 0.0222362238039039 0.020177535387805867 0.018104620031723265 0.01600610871252777 
0.0027655010404052244 0.024652076573006932 0.030536182215237902 0.031040106015930276 0.030377667656153934 0.029567832592023852 0.02874910239090898 0.027933807000462756 0.027119023066719854 0.026300358076330875 0.025473372203617138 
0.02162312009740789 0.025511421365859696 0.02846819400777169 0.030377667656153934 0.03162181705652746 0.03266475759792576 0.03365686507398816 0.03463908623641793 0.035624731472978996 0.03662076145430855 0.03763276303910136 
0.04173974994596586 0.026567544790827485 0.0263644586164719 0.029567832592023852 0.03266475759792576 0.03552934274493556 0.03831306475195867 0.041083072537950564 0.043868381232156424 0.04668718768310145 0.04955512638785936 
0.06210938806023873 0.027610977758300712 0.024293204126503872 0.02874910239090898 0.03365686507398816 0.03831306475195867 0.04286846915695646 0.047415603728543435 0.05199896116647852 0.05664793390503388 0.061388261456049475 
0.08283199468355816 0.02862120275676321 0.0222362238039039 0.027933807000462756 0.03463908623641793 0.041083072537950564 0.047415603728543435 0.05375443960268018 0.060159631910095865 0.06667193360171948 0.0733274288727701 
0.10405014934837314 0.029601086394056432 0.020177535387805867 0.027119023066719854 0.035624731472978996 0.043868381232156424 0.05199896116647852 0.060159631910095865 0.06842626940290193 0.07685129291417353 0.085481503328009 
0.12588728098057383 0.03055587289518634 0.018104620031723265 0.026300358076330875 0.03662076145430855 0.04668718768310145 0.05664793390503388 0.06667193360171948 0.07685129291417353 0.08725051920236723 0.09792761457801058 
0.14846120088182796 0.03149076683280266 0.01600610871252777 0.025473372203617138 0.03763276303910136 0.04955512638785936 0.061388261456049475 0.0733274288727701 0.085481503328009 0.09792761457801058 0.11073556172468216 
