0.42501704674344803 0.07293615859481478 0.007180424974402036 0.013362728951607512 0.031803837231117946 0.051420563898773086 0.07123037291649413 0.091324981524551 0.11183569695240526 0.13287374351435852 0.15454326340892166 
0.07293615859481478 0.04410845536963741 0.035646074018362846 0.03479212269124469 0.035600508555153045 0.036603798065093195 0.037597669942216645 0.038560999881864254 0.03949581278355205 0.04040662192782634 0.04129798093791368 
0.007180424974402036 0.035646074018362846 0.041473314703808786 0.0404979782973196 0.038460257055293434 0.036393354810775436 0.034361649182492376 0.03234728272317702 0.030335023391203156 0.02831317430706439 0.026271273606447404 
0.013362728951607512 0.03479212269124469 0.0404979782973196 0.04100225187301613 0.040380769044452994 0.03961375374873906 0.038836791245450294 0.03806287709167713 0.037289880765677304 0.03651414192395935 0.03573193106550085 
0.031803837231117946 0.035600508555153045 0.038460257055293434 0.040380769044452994 0.04165043915722178 0.042715480141286157 0.04372587438035627 0.04472307853734751 0.045720707471826105 0.046725868595829306 0.04774417544779058 
0.051420563898773086 0.036603798065093195 0.036393354810775436 0.03961375374873906 0.042715480141286157 0.045576222565742584 0.04834939105147812 0.05110231409655052 0.053863674200624385 0.05665108620771049 0.05947937885577978 
0.07123037291649413 0.037597669942216645 0.034361649182492376 0.038836791245450294 0.04372587438035627 0.04834939105147812 0.05286210514492753 0.057356264820036376 0.061875282084344306 0.06644712337759742 0.07109576279679655 
0.091324981524551 0.038560999881864254 0.03234728272317702 0.03806287709167713 0.04472307853734751 0.05110231409655052 0.057356264820036376 0.06360182569431852 0.06989709517118475 0.07628042333753221 0.08278502034488999 
0.11183569695240526 0.03949581278355205 0.030335023391203156 0.037289880765677304 0.045720707471826105 0.053863674200624385 0.061875282084344306 0.06989709517118475 0.07800201887903033 0.08623893695571974 0.09465049209539476 
0.13287374351435852 0.04040662192782634 0.02831317430706439 0.03651414192395935 0.046725868595829306 0.05665108620771049 0.06644712337759742 0.07628042333753221 0.08623893695571974 0.09638232206844935 0.10676293360024737 
0.15454326340892166 0.04129798093791368 0.026271273606447404 0.03573193106550085 0.04774417544779058 0.05947937885577978 0.07109576279679655 0.08278502034488999 0.09465049209539476 0.10676293360024737 0.1191847693783098 
