0.4306228089941591 0.07665390075050305 0.01171693360281429 0.018033378509802758 0.0365009138995105 0.05618089642120391 0.0761057556765811 0.09636970086164305 0.11710557334055335 0.13842626936135627 0.16043797639076413 
0.07665390075050305 0.04834438711156159 0.040087761422753165 0.039257161566637847 0.04005131695121163 0.04103829370830057 0.042019018326465304 0.04297329608977636 0.04390354905864866 0.044814623029293295 0.045711404474011424 
0.01171693360281429 0.040087761422753165 0.04580562263019693 0.04484406630560998 0.04283550776223971 0.04079388297738768 0.03878267085365064 0.03678437296166314 0.03478402191832482 0.03277010469743419 0.03073229733853824 
0.018033378509802758 0.039257161566637847 0.04484406630560998 0.04532705885141834 0.04470688793040076 0.04394265977767656 0.04316652571716538 0.042390763173658176 0.04161289693338435 0.040828978934616754 0.04003499786842274 
0.0365009138995105 0.04005131695121163 0.04283550776223971 0.04470688793040076 0.045946057974002356 0.0469864344350766 0.04797359244327295 0.04894746525968747 0.049920832903569835 0.05090014042386076 0.051890388183113915 
0.05618089642120391 0.04103829370830057 0.04079388297738768 0.04394265977767656 0.0469864344350766 0.049798707472692556 0.05252783323060821 0.055238943945147334 0.05795947342993576 0.060706057393572155 0.06349262838127173 
0.0761057556765811 0.042019018326465304 0.03878267085365064 0.04316652571716538 0.04797359244327295 0.05252783323060821 0.05697834585263884 0.06141456243476633 0.0658782673005393 0.07039615593476939 0.0749910415293649 
0.09636970086164305 0.04297329608977636 0.03678437296166314 0.042390763173658176 0.04894746525968747 0.055238943945147334 0.06141456243476633 0.06758780143824178 0.0738147696232472 0.08013226511504465 0.08657207785068974 
0.11710557334055335 0.04390354905864866 0.03478402191832482 0.04161289693338435 0.049920832903569835 0.05795947342993576 0.0658782673005393 0.0738147696232472 0.08183954051887252 0.08999963350361348 0.09833600979745202 
0.13842626936135627 0.044814623029293295 0.03277010469743419 0.040828978934616754 0.05090014042386076 0.060706057393572155 0.07039615593476939 0.08013226511504465 0.08999963350361348 0.1000558068590302 0.11035118966043665 
0.16043797639076413 0.045711404474011424 0.03073229733853824 0.04003499786842274 0.051890388183113915 0.06349262838127173 0.0749910415293649 0.08657207785068974 0.09833600979745202 0.11035118966043665 0.12267780952586364 
