0.4178666699986498 0.058202431445653804 -0.007983819602471295 -0.001553076222880593 0.017335355054330023 0.0374819438051444 0.0579007177002992 0.07869386301293685 0.10000267066023226 0.12194790973806834 0.14464369911848177 
0.058202431445653804 0.029424979854380293 0.020895287244421495 0.020050695360411777 0.020890489371840917 0.02192271401390275 0.022941807987215034 0.023927307613351104 0.024881849732578662 0.02581047383741687 0.02671820565936505 
-0.007983819602471295 0.020895287244421495 0.02678153054879998 0.025809593633609566 0.023749537240802865 0.021652309424731554 0.01958411322490307 0.017526546183133623 0.015463676258868195 0.0133831226502384 0.011273717550379642 
-0.001553076222880593 0.020050695360411777 0.025809593633609566 0.026296435925209385 0.025641401350145192 0.024841564481160615 0.024033015557800592 0.023228051801414757 0.022423949159007694 0.021616530533214977 0.020801578929946885 
0.017335355054330023 0.020890489371840917 0.023749537240802865 0.025641401350145192 0.0268892096958867 0.02794218714012959 0.028948896717080928 0.029950389421335457 0.030960191408484296 0.03198540627189609 0.03303170498393776 
0.0374819438051444 0.02192271401390275 0.021652309424731554 0.024841564481160615 0.02794218714012959 0.03082023368662017 0.033626064282010024 0.036427072880957916 0.039252462910023815 0.04212044153550511 0.04504651920616716 
0.0579007177002992 0.022941807987215034 0.01958411322490307 0.024033015557800592 0.028948896717080928 0.033626064282010024 0.038214905129799054 0.04280835101362722 0.04745102733122841 0.05217215500708207 0.05699707909344749 
0.07869386301293685 0.023927307613351104 0.017526546183133623 0.023228051801414757 0.029950389421335457 0.036427072880957916 0.04280835101362722 0.04921257501528118 0.05569984200665895 0.062310494339890735 0.06907987734743917 
0.10000267066023226 0.024881849732578662 0.015463676258868195 0.022423949159007694 0.030960191408484296 0.039252462910023815 0.04745102733122841 0.05569984200665895 0.06407469943607354 0.07262729842158146 0.08140326546055007 
0.12194790973806834 0.02581047383741687 0.0133831226502384 0.021616530533214977 0.03198540627189609 0.04212044153550511 0.05217215500708207 0.062310494339890735 0.07262729842158146 0.08318595638331179 0.09404274838504813 
0.14464369911848177 0.02671820565936505 0.011273717550379642 0.020801578929946885 0.03303170498393776 0.04504651920616716 0.05699707909344749 0.06907987734743917 0.08140326546055007 0.09404274838504813 0.10706571850628557 
