0.140134108175297 0.10782649927230924 -0.06382005641857406 0.061447762739379505 -0.01524059744248868 0.046633532039733 0.11360563889189909 0.13445077116120704 0.13894075284441182 0.13987161652499924 0.14007267615155908 0.14011877813059115 
0.10782649927230924 7.146485639978124 -0.03030554897110016 0.03733115499227859 0.23815890892675376 0.3696705721190478 0.25447190993324004 0.16002832660043378 0.12429847994171499 0.11286948564357965 0.10936357540474292 0.108297368782583 
-0.06382005641857406 -0.03030554897110016 0.14791668555806126 -0.06098667448092437 0.00566494752985518 -0.02059399665845849 -0.05282075110749322 -0.061950554885936635 -0.06356687348962498 -0.06380115936056678 -0.06382493789076008 -0.06382354622823541 
0.061447762739379505 0.03733115499227859 -0.06098667448092437 0.09624700823259319 0.0024159423521106192 0.01568856642078983 0.047753456866713055 0.05853678030558005 0.06086040517384784 0.06132598459577585 0.06142114365764662 0.0614415554120604 
-0.01524059744248868 0.23815890892675376 0.00566494752985518 0.0024159423521106192 0.0470354397650842 0.03667152640285424 0.004544636965871391 -0.00970086291327164 -0.013767922188956646 -0.014845460788248376 -0.015132327627575944 -0.01521024170073925 
0.046633532039733 0.3696705721190478 -0.02059399665845849 0.01568856642078983 0.03667152640285424 0.06171274451622365 0.05791959375100084 0.05084845453429483 0.04795176868384521 0.04702540887178362 0.04674854434364133 0.04666736215821863 
0.11360563889189909 0.25447190993324004 -0.05282075110749322 0.047753456866713055 0.004544636965871391 0.05791959375100084 0.10125005406034643 0.11186493544905529 0.11346356236480122 0.11362816406192638 0.11362352767690789 0.11361297074887261 
0.13445077116120704 0.16002832660043378 -0.061950554885936635 0.05853678030558005 -0.00970086291327164 0.05084845453429483 0.11186493544905529 0.1299182226550993 0.1335761533164626 0.134277347205482 0.13441473854815372 0.13444284426022385 
0.13894075284441182 0.12429847994171499 -0.06356687348962498 0.06086040517384784 -0.013767922188956646 0.04795176868384521 0.11346356236480122 0.1335761533164626 0.13783835363260402 0.13870429764881703 0.13888689559101053 0.13892766849997484 
0.13987161652499924 0.11286948564357965 -0.06380115936056678 0.06132598459577585 -0.014845460788248376 0.04702540887178362 0.11362816406192638 0.134277347205482 0.13870429764881703 0.13961672850276807 0.13981243494148152 0.1398569638148524 
0.14007267615155908 0.10936357540474292 -0.06382493789076008 0.06142114365764662 -0.015132327627575944 0.04674854434364133 0.11362352767690789 0.13441473854815372 0.13888689559101053 0.13981243494148152 0.14001192038926183 0.14005755244786658 
0.14011877813059115 0.108297368782583 -0.06382354622823541 0.0614415554120604 -0.01521024170073925 0.04666736215821863 0.11361297074887261 0.13444284426022385 0.13892766849997484 0.1398569638148524 0.14005755244786658 0.14010351183429767 
