0.1110915540211386 -0.08502294818929476 -0.03867015972348071 0.05635219954551389 -0.014427851406499098 0.03006439669211953 0.08721091712505587 0.10585506043782668 0.10997474030732785 0.11084319317180215 0.11103305085113208 0.11107700365850316 
-0.08502294818929476 22.685995249451633 0.03998122354519777 0.027580102552881187 0.31435732802616095 0.40309785716149604 0.16044487331427815 -2.6693939155924653e-05 -0.058185777499756466 -0.07670944932843664 -0.08245530722926557 -0.08423395600980421 
-0.03867015972348071 0.03998122354519777 0.12860340273679238 -0.06021506998679758 -0.0059215444785329155 -0.013634467035521737 -0.03169061401159165 -0.037367324132732256 -0.03846119887346234 -0.03864210773183812 -0.03866817612506312 -0.038670748034710045 
0.05635219954551389 0.027580102552881187 -0.06021506998679758 0.11124418760488514 0.006041755228064406 0.014227034110886829 0.043661456806352694 0.05367148653752072 0.055817598372693844 0.056242911485713934 0.05632864960578153 0.05634680084158406 
-0.014427851406499098 0.31435732802616095 -0.0059215444785329155 0.006041755228064406 0.04039170214250847 0.029084994773655167 0.0014345417249584742 -0.01016561932877538 -0.013335887180704213 -0.014144418298468475 -0.014352554688727337 -0.014407414461996781 
0.03006439669211953 0.40309785716149604 -0.013634467035521737 0.014227034110886829 0.029084994773655167 0.042554410396159745 0.0381168413596461 0.032946631549095204 0.030944756573795373 0.03032126174379588 0.030138395987249066 0.030085662015863053 
0.08721091712505587 0.16044487331427815 -0.03169061401159165 0.043661456806352694 0.0014345417249584742 0.0381168413596461 0.0749323177333629 0.08509488658755208 0.08690051961239684 0.08717522526868403 0.08721011108808864 0.08721238047255214 
0.10585506043782668 -2.6693939155924653e-05 -0.037367324132732256 0.05367148653752072 -0.01016561932877538 0.032946631549095204 0.08509488658755208 0.10149981468109052 0.10497550763117991 0.10567140335466546 0.10581458882584396 0.10584561977921528 
0.10997474030732785 -0.058185777499756466 -0.03846119887346234 0.055817598372693844 -0.013335887180704213 0.030944756573795373 0.08690051961239684 0.10497550763117991 0.10892397187490024 0.10974488191339492 0.10992150539404912 0.10996170794151033 
0.11084319317180215 -0.07670944932843664 -0.03864210773183812 0.056242911485713934 -0.014144418298468475 0.03032126174379588 0.08717522526868403 0.10567140335466546 0.10974488191339492 0.11060012934096283 0.11078622478532935 0.11082909110892365 
0.11103305085113208 -0.08245530722926557 -0.03866817612506312 0.05632864960578153 -0.014352554688727337 0.030138395987249066 0.08721011108808864 0.10581458882584396 0.10992150539404912 0.11078622478532935 0.11097499873929978 0.1110186337197038 
0.11107700365850316 -0.08423395600980421 -0.038670748034710045 0.05634680084158406 -0.014407414461996781 0.030085662015863053 0.08721238047255214 0.10584561977921528 0.10996170794151033 0.11082909110892365 0.1110186337197038 0.11106249299815327 
