0.1160453353267069 -0.012847551827924871 -0.034118485154151806 0.052788948671143435 -0.008637623678375865 0.036771668685610166 0.09257111494179968 0.11082166314522897 0.11490685777723339 0.11578546232558087 0.11598237872683119 0.11602919481571684 
-0.012847551827924871 13.671100332957119 0.007336673719945705 0.06300913611082509 0.3444476614164457 0.4440995557228837 0.22253011452242202 0.07031170444620567 0.01392729619228414 -0.004386262264138759 -0.010178252554093601 -0.012006844117272732 
-0.034118485154151806 0.007336673719945705 0.12212560146465196 -0.047063021099692466 -0.011221945869336072 -0.01669289885550998 -0.029664407598126875 -0.03346284738571687 -0.03407118980175376 -0.034131222082180404 -0.03412688632553702 -0.034121755367292686 
0.052788948671143435 0.06300913611082509 -0.047063021099692466 0.13006222191864827 0.016708851313641 0.013972147677031215 0.04029157708558585 0.05008584822056778 0.052251112135661214 0.05268200594299086 0.05276717525383003 0.052784357220713986 
-0.008637623678375865 0.3444476614164457 -0.011221945869336072 0.016708851313641 0.05164093102836666 0.04128146635418821 0.010779692626954265 -0.0030481204544545583 -0.007106705380666888 -0.008214599877997369 -0.00851855888904909 -0.008603536465088888 
0.036771668685610166 0.4440995557228837 -0.01669289885550998 0.013972147677031215 0.04128146635418821 0.05926795912281914 0.05010645249128904 0.041490771782657254 0.03822839775884107 0.03720539573683844 0.036899815118331056 0.0368095566702948 
0.09257111494179968 0.22253011452242202 -0.029664407598126875 0.04029157708558585 0.010779692626954265 0.05010645249128904 0.0833499465499961 0.09141663804348714 0.09254251035221309 0.09261816162803951 0.09259494601003512 0.09257999186313494 
0.11082166314522897 0.07031170444620567 -0.03346284738571687 0.05008584822056778 -0.0030481204544545583 0.041490771782657254 0.09141663804348714 0.10681152166396783 0.11002556781461205 0.11065897240042356 0.11078674393899934 0.11081372981072742 
0.11490685777723339 0.01392729619228414 -0.03407118980175376 0.052251112135661214 -0.007106705380666888 0.03822839775884107 0.09254251035221309 0.11002556781461205 0.11386752941300661 0.1146757041240353 0.11485232032001937 0.11489321294887567 
0.11578546232558087 -0.004386262264138759 -0.034131222082180404 0.05268200594299086 -0.008214599877997369 0.03720539573683844 0.09261816162803951 0.11065897240042356 0.1146757041240353 0.11553404364203529 0.11572501686259248 0.11577007413718418 
0.11598237872683119 -0.010178252554093601 -0.03412688632553702 0.05276717525383003 -0.00851855888904909 0.036899815118331056 0.09259494601003512 0.11078674393899934 0.11485232032001937 0.11572501686259248 0.11592017622620017 0.11596646620279617 
0.11602919481571684 -0.012006844117272732 -0.034121755367292686 0.052784357220713986 -0.008603536465088888 0.0368095566702948 0.09257999186313494 0.11081372981072742 0.11489321294887567 0.11577007413718418 0.11596646620279617 0.11601312376123823 
