0.12586532126466302 -0.06239982175209309 -0.05737038115689473 0.03909900296862313 -0.016275502609407234 0.03656245251386164 0.099408879526142 0.11996998808263376 0.12458110703909642 0.12557341484405582 0.1257952440645401 0.12584758251926806 
-0.06239982175209309 17.221806671523918 0.1312413545255958 0.061896521517805156 0.40286747299362496 0.4727695122670902 0.19110703386142708 0.020127959265240174 -0.03799083528020911 -0.05534062443745574 -0.0603656141972967 -0.0618120627346837 
-0.05737038115689473 0.1312413545255958 0.1421338128974172 -0.04837935802353055 0.0024973750768923658 -0.014813359945685233 -0.044896639869213856 -0.05480097049417538 -0.056883224687909545 -0.05728020945044145 -0.05735413543261347 -0.057367629789453777 
0.03909900296862313 0.061896521517805156 -0.04837935802353055 0.0957813944852479 0.020827306333423848 0.01518266124072936 0.031330168632039385 0.03747278677116903 0.038794785454593084 0.03904382449295048 0.03908911684092278 0.03909724565041361 
-0.016275502609407234 0.40286747299362496 0.0024973750768923658 0.020827306333423848 0.05568946080178947 0.04162090065465762 0.005898135349675985 -0.01000352226588625 -0.01459625353780577 -0.01582443006364479 -0.016152655258153046 -0.01624153360022998 
0.03656245251386164 0.4727695122670902 -0.014813359945685233 0.01518266124072936 0.04162090065465762 0.059807228627222625 0.05030806959501459 0.041376971959241754 0.03802060828036671 0.03698526799910065 0.036683435712875176 0.03659701923204878 
0.099408879526142 0.19110703386142708 -0.044896639869213856 0.031330168632039385 0.005898135349675985 0.05030806959501459 0.08821992404854773 0.09778395119571366 0.09926050649610818 0.09942172844354584 0.09942207735887397 0.0994143176029349 
0.11996998808263376 0.020127959265240174 -0.05480097049417538 0.03747278677116903 -0.01000352226588625 0.041376971959241754 0.09778395119571366 0.11531480169650143 0.11902520652993649 0.11977115988284015 0.11992577227698871 0.1199595405739027 
0.12458110703909642 -0.03799083528020911 -0.056883224687909545 0.038794785454593084 -0.01459625353780577 0.03802060828036671 0.09926050649610818 0.11902520652993649 0.1233918343598503 0.12431567336649722 0.12451848216442396 0.12456549158314072 
0.12557341484405582 -0.05534062443745574 -0.05728020945044145 0.03904382449295048 -0.01582443006364479 0.03698526799910065 0.09942172844354584 0.11977115988284015 0.12431567336649722 0.12528898759003998 0.12550546567353796 0.12555628781914077 
0.1257952440645401 -0.0603656141972967 -0.05735413543261347 0.03908911684092278 -0.016152655258153046 0.036683435712875176 0.09942207735887397 0.11992577227698871 0.12451848216442396 0.12550546567353796 0.12572577779633487 0.1257776822975196 
0.12584758251926806 -0.0618120627346837 -0.057367629789453777 0.03909724565041361 -0.01624153360022998 0.03659701923204878 0.0994143176029349 0.1199595405739027 0.12456549158314072 0.12555628781914077 0.1257776822975196 0.12582989539406073 
