0.12646404344066436 0.08343931284031207 -0.05839573183414563 0.05039902081692285 -0.007465018522482082 0.04304672927638013 0.10249970193990895 0.12135733916717052 0.12540323712736726 0.12622394007579646 0.12639428005521225 0.12643110268951674 
0.08343931284031207 34.74293630304325 -0.06461302748048006 -0.012747516870760705 0.41554148040306266 0.631556692356314 0.38063348944331377 0.1814730642453886 0.1032788545152537 0.0767618167329542 0.06803996604465277 0.06517792301310467 
-0.05839573183414563 -0.06461302748048006 0.15274245260116287 -0.05320662042408591 -0.01643586646454808 -0.030172557346633887 -0.051057318956866896 -0.05715560052293486 -0.0582048720842463 -0.05833857167498611 -0.058344432745957 -0.058339820100612054 
0.05039902081692285 -0.012747516870760705 -0.05320662042408591 0.09031911843245871 0.014273235612492994 0.015326536539007707 0.038973249919048575 0.04786564095671096 0.04990400557529111 0.05033470925226861 0.05042792662053285 0.05044931092714915 
-0.007465018522482082 0.41554148040306266 -0.01643586646454808 0.014273235612492994 0.048134454429719024 0.03996446219483655 0.010986407991839484 -0.0022716229183250033 -0.0061414676186608095 -0.0071876653149450034 -0.0074719133945413485 -0.007550771242620303 
0.04304672927638013 0.631556692356314 -0.030172557346633887 0.015326536539007707 0.03996446219483655 0.061008649889018725 0.05499975254810679 0.04731858939901298 0.04424642257519121 0.04325905001093269 0.04295932296361256 0.04286951000140751 
0.10249970193990895 0.38063348944331377 -0.051057318956866896 0.038973249919048575 0.010986407991839484 0.05499975254810679 0.09219296762817104 0.10116287770028165 0.10237586764419053 0.10243714183551525 0.10240113006727393 0.10238033253997594 
0.12135733916717052 0.1814730642453886 -0.05715560052293486 0.04786564095671096 -0.0022716229183250033 0.04731858939901298 0.10116287770028165 0.11733663049164841 0.1205751892714796 0.12117143711264118 0.12127909841461519 0.12129806255559375 
0.12540323712736726 0.1032788545152537 -0.0582048720842463 0.04990400557529111 -0.0061414676186608095 0.04424642257519121 0.10237586764419053 0.1205751892714796 0.12441932207794347 0.12518353690392617 0.12533814296961676 0.12537053067870846 
0.12622394007579646 0.0767618167329542 -0.05833857167498611 0.05033470925226861 -0.0071876653149450034 0.04325905001093269 0.10243714183551525 0.12117143711264118 0.12518353690392617 0.12599613144082136 0.12616467525263036 0.12620114896358667 
0.12639428005521225 0.06803996604465277 -0.058344432745957 0.05042792662053285 -0.0074719133945413485 0.04295932296361256 0.10240113006727393 0.12127909841461519 0.12533814296961676 0.12616467525263036 0.12633733415503035 0.12637503928158622 
0.12643110268951674 0.06517792301310467 -0.058339820100612054 0.05044931092714915 -0.007550771242620303 0.04286951000140751 0.10238033253997594 0.12129806255559375 0.12537053067870846 0.12620114896358667 0.12637503928158622 0.12641311942975766 
