0.23055251431291798 0.19401698705603007 -0.08232978873686127 0.06210994395176494 -0.019314615845084798 0.08977455670423014 0.19264147171037282 0.22291021547593362 0.22906916196348964 0.23025784391103477 0.23049182532448723 0.2305395220125154 
0.19401698705603007 16.740724012834388 -0.05129513873801482 0.03246449115002954 0.30286859963830576 0.5097428469764346 0.38294158513317295 0.26358739007011306 0.21650031647665288 0.2010318034142323 0.19618821903621678 0.19469030490153064 
-0.08232978873686127 -0.05129513873801482 0.14206526841467956 -0.055543343166450626 0.011414658934134401 -0.026571735191652613 -0.0682150469612108 -0.07991096472416226 -0.0819966086413982 -0.08230397523869325 -0.08233617942317482 -0.082334532056805 
0.06210994395176494 0.03246449115002954 -0.055543343166450626 0.10694784352990688 0.0032584732931709034 0.017532640404416672 0.04903017285329279 0.05933158782709535 0.061535836444602886 0.06198441398794345 0.06208012654299729 0.06210221526893582 
-0.019314615845084798 0.30286859963830576 0.011414658934134401 0.0032584732931709034 0.049940397557762244 0.03796794612893991 0.0022608705274147103 -0.013353828320760425 -0.017752461376915513 -0.018901843344677417 -0.019203370796118443 -0.01928397853330221 
0.08977455670423014 0.5097428469764346 -0.026571735191652613 0.017532640404416672 0.03796794612893991 0.0850452915193992 0.09665772799272794 0.09333084152962405 0.09102196460963495 0.09016672032029867 0.08989326517169613 0.0898101010699936 
0.19264147171037282 0.38294158513317295 -0.0682150469612108 0.04903017285329279 0.0022608705274147103 0.09665772799272794 0.170723428913895 0.18929396113035016 0.1922719788771477 0.19264189533590656 0.19266126420203333 0.19265104885839598 
0.22291021547593362 0.26358739007011306 -0.07991096472416226 0.05933158782709535 -0.013353828320760425 0.09333084152962405 0.18929396113035016 0.21648987281582185 0.2217588410509551 0.22270684062325066 0.2228751905756372 0.22290460145427402 
0.22906916196348964 0.21650031647665288 -0.0819966086413982 0.061535836444602886 -0.017752461376915513 0.09102196460963495 0.1922719788771477 0.2217588410509551 0.22767929385760174 0.228800941514532 0.22901608241973004 0.22905840002357272 
0.23025784391103477 0.2010318034142323 -0.08230397523869325 0.06198441398794345 -0.018901843344677417 0.09016672032029867 0.19264189533590656 0.22270684062325066 0.228800941514532 0.22997082895079937 0.23019939921442117 0.2302455200910564 
0.23049182532448723 0.19618821903621678 -0.08233617942317482 0.06208012654299729 -0.019203370796118443 0.08989326517169613 0.19266126420203333 0.2228751905756372 0.22901608241973004 0.23019939921442117 0.23043180489016876 0.2304790349566464 
0.2305395220125154 0.19469030490153064 -0.082334532056805 0.06210221526893582 -0.01928397853330221 0.0898101010699936 0.19265104885839598 0.22290460145427402 0.22905840002357272 0.2302455200910564 0.2304790349566464 0.23052659146344684 
