2.701675038362841 -0.7285158789966488 -0.003934242581963452 0.011309246012538698 -0.05551421653179087 -0.09281816673187214 -0.06380925993961532 0.09509752835900098 0.46773711257860007 1.0597199708216365 1.6977302244062678 2.1764630629933226 
-0.7285158789966488 1.182369778471939 0.07321727073581989 -0.020100507699084804 -0.005497512932373982 0.016378057788285102 0.023143969063880252 -0.005869721143824089 -0.0968951362672225 -0.2553435145011184 -0.4340895612947618 -0.5723436663617151 
-0.003934242581963452 0.07321727073581989 0.018713099389819143 0.0054480668141669054 0.001901030495808131 0.00045848250094038755 -0.0006025012090497131 -0.001672011692117956 -0.0027631380132200857 -0.0036710210095226253 -0.004170784897221162 -0.004293499894198459 
0.011309246012538698 -0.020100507699084804 0.0054480668141669054 0.005706662383904359 0.003252364795611543 0.000993801867985611 -0.0008015465593843405 -0.0017886010668266344 -0.001306223816857197 0.0010417726820891617 0.004439390492768458 0.007418984849551657 
-0.05551421653179087 -0.005497512932373982 0.001901030495808131 0.003252364795611543 0.003866979947770034 0.0035923216366398705 0.0019417779255761678 -0.0023142954318391778 -0.010730442014498374 -0.02319035042326277 -0.036106995644157217 -0.045538894264581804 
-0.09281816673187214 0.016378057788285102 0.00045848250094038755 0.000993801867985611 0.0035923216366398705 0.004914570719372032 0.0038356391129086963 -0.0018195001314644168 -0.014942350205426584 -0.03567851570057367 -0.05794846060999677 -0.0746115337788606 
-0.06380925993961532 0.023143969063880252 -0.0006025012090497131 -0.0008015465593843405 0.0019417779255761678 0.0038356391129086963 0.003977954866806516 0.0007994861408072811 -0.007867698921881723 -0.0222992106717602 -0.0382030596341574 -0.05030426165534669 
0.09509752835900098 -0.005869721143824089 -0.001672011692117956 -0.0017886010668266344 -0.0023142954318391778 -0.0018195001314644168 0.0007994861408072811 0.007643251889678237 0.021319975491052388 0.04170778141157259 0.06294761640518406 0.07852148631094737 
0.46773711257860007 -0.0968951362672225 -0.0027631380132200857 -0.001306223816857197 -0.010730442014498374 -0.014942350205426584 -0.007867698921881723 0.021319975491052388 0.0866978577006211 0.18879876956704175 0.297859271042912 0.37920021477903365 
1.0597199708216365 -0.2553435145011184 -0.0036710210095226253 0.0010417726820891617 -0.02319035042326277 -0.03567851570057367 -0.0222992106717602 0.04170778141157259 0.18879876956704175 0.42072627675756286 0.6697050599559887 0.8560274649671883 
1.6977302244062678 -0.4340895612947618 -0.004170784897221162 0.004439390492768458 -0.036106995644157217 -0.05794846060999677 -0.0382030596341574 0.06294761640518406 0.297859271042912 0.6697050599559887 1.0697017670022493 1.3694500297037917 
2.1764630629933226 -0.5723436663617151 -0.004293499894198459 0.007418984849551657 -0.045538894264581804 -0.0746115337788606 -0.05030426165534669 0.07852148631094737 0.37920021477903365 0.8560274649671883 1.3694500297037917 1.7544508423298986 
