2.5922620256524045 -0.7108937457051074 0.011143098750988633 0.026426709635378836 -0.041316011279932056 -0.07955207498019555 -0.0533941150757536 0.097871536234131 0.45448555823955505 1.0216630434193723 1.633063231006311 2.0917762960350155 
-0.7108937457051074 1.2480754779092735 0.06981338738593473 -0.023153100925076674 -0.008205135390091226 0.014277103747912887 0.02214174172964429 -0.0050554023213497685 -0.09344068988199898 -0.24884499270928692 -0.42509308959243847 -0.5619444742367927 
0.011143098750988633 0.06981338738593473 0.018986653011406365 0.005655995947924372 0.0015506809840369704 -0.0001717875447720134 -0.0010620517502129188 -0.001162822091792106 -4.9271550588831936e-05 0.002443335720149892 0.005511426480171385 0.00799579741038463 
0.026426709635378836 -0.023153100925076674 0.005655995947924372 0.006024950154525506 0.0031944078556002758 0.0007764462035589085 -0.0007697176267788506 -0.0007587694386644872 0.0018981207647414385 0.007568290308107908 0.01445027324898827 0.019984625632570044 
-0.041316011279932056 -0.008205135390091226 0.0015506809840369704 0.0031944078556002758 0.0035960449215472596 0.00323389780491518 0.0018413844010630276 -0.0014798568097399384 -0.007871529377725743 -0.017225159517309928 -0.026863932122219172 -0.033876017477609204 
-0.07955207498019555 0.014277103747912887 -0.0001717875447720134 0.0007764462035589085 0.00323389780491518 0.004489458892289418 0.003647030189330132 -0.0011537381417925487 -0.012411685397203262 -0.030265662327250586 -0.049475139892110914 -0.06386538964086291 
-0.0533941150757536 0.02214174172964429 -0.0010620517502129188 -0.0007697176267788506 0.0018413844010630276 0.003647030189330132 0.00393814079499659 0.0013886256385180686 -0.005862781829404459 -0.01807943850552235 -0.03161511084734428 -0.04194841541907386 
0.097871536234131 -0.0050554023213497685 -0.001162822091792106 -0.0007587694386644872 -0.0014798568097399384 -0.0011537381417925487 0.0013886256385180686 0.008291759958528384 0.02222739052754864 0.0430748126504896 0.06482711353281057 0.08079022573730078 
0.45448555823955505 -0.09344068988199898 -4.9271550588831936e-05 0.0018981207647414385 -0.007871529377725743 -0.012411685397203262 -0.005862781829404459 0.02222739052754864 0.085483695852878 0.1843998258567308 0.29009288529772104 0.36892252285800076 
1.0216630434193723 -0.24884499270928692 0.002443335720149892 0.007568290308107908 -0.017225159517309928 -0.030265662327250586 -0.01807943850552235 0.0430748126504896 0.1843998258567308 0.4075350229038664 0.6471555892274773 0.8264748497736434 
1.633063231006311 -0.42509308959243847 0.005511426480171385 0.01445027324898827 -0.026863932122219172 -0.049475139892110914 -0.03161511084734428 0.06482711353281057 0.29009288529772104 0.6471555892274773 1.03137938019121 1.3193059892747085 
2.0917762960350155 -0.5619444742367927 0.00799579741038463 0.019984625632570044 -0.033876017477609204 -0.06386538964086291 -0.04194841541907386 0.08079022573730078 0.36892252285800076 0.8264748497736434 1.3193059892747085 1.6888604336163866 
