2.77123228549669 -0.9602708571455639 -0.010414734411946415 0.02137002501714247 -0.04452296753229845 -0.08238440655244864 -0.05261759417499268 0.11024792491835138 0.491789497251422 1.0972378603844366 1.749058879723117 2.237623307882603 
-0.9602708571455639 1.2535876110952193 0.06990440432678507 -0.019476067510978863 -0.0002035059266513742 0.023433544765955088 0.026595748961494955 -0.01673969719441821 -0.13990116829935248 -0.34877762156744996 -0.5816369868622149 -0.7604253916662412 
-0.010414734411946415 0.06990440432678507 0.016325260204800306 0.004889775205817467 0.001932002153976848 0.0008532265141761835 3.074522684917486e-05 -0.001072460646066909 -0.002774306530022297 -0.005047663674141787 -0.007295092740893823 -0.008896611518851662 
0.02137002501714247 -0.019476067510978863 0.004889775205817467 0.005407997860603749 0.002716955593109983 0.0004303885013747216 -0.0010627834208665901 -0.0012077598035544958 0.0008998005490614476 0.005564443953059904 0.011273028553595459 0.015874046588179737 
-0.04452296753229845 -0.0002035059266513742 0.001932002153976848 0.002716955593109983 0.002959507960395451 0.002615455190158572 0.0012390456528721461 -0.002173094177339313 -0.00887131424815046 -0.018780417176876243 -0.029062270561015978 -0.03658174474032208 
-0.08238440655244864 0.023433544765955088 0.0008532265141761835 0.0004303885013747216 0.002615455190158572 0.0038398504285684673 0.002974180548537121 -0.001940733157035781 -0.013483439969402676 -0.03180058799862145 -0.051512607620339906 -0.0662794561658001 
-0.05261759417499268 0.026595748961494955 3.074522684917486e-05 -0.0010627834208665901 0.0012390456528721461 0.002974180548537121 0.003262165962624667 0.0007768448845860156 -0.006296057686522836 -0.018201384168702876 -0.03137710929097552 -0.04142305383453561 
0.11024792491835138 -0.01673969719441821 -0.001072460646066909 -0.0012077598035544958 -0.002173094177339313 -0.001940733157035781 0.0007768448845860156 0.00843750005649926 0.024123869292834395 0.04775909897141987 0.07252955548093398 0.09076833354209675 
0.491789497251422 -0.13990116829935248 -0.002774306530022297 0.0008998005490614476 -0.00887131424815046 -0.013483439969402676 -0.006296057686522836 0.024123869292834395 0.09256558601925471 0.19958369769088535 0.31393437915142836 0.39921975556332673 
1.0972378603844366 -0.34877762156744996 -0.005047663674141787 0.005564443953059904 -0.018780417176876243 -0.03180058799862145 -0.018201384168702876 0.04775909897141987 0.19958369769088535 0.43897223095796983 0.6958532634555648 0.8879770006007887 
1.749058879723117 -0.5816369868622149 -0.007295092740893823 0.011273028553595459 -0.029062270561015978 -0.051512607620339906 -0.03137710929097552 0.07252955548093398 0.31393437915142836 0.6958532634555648 1.1063853131351942 1.4137751258849014 
2.237623307882603 -0.7604253916662412 -0.008896611518851662 0.015874046588179737 -0.03658174474032208 -0.0662794561658001 -0.04142305383453561 0.09076833354209675 0.39921975556332673 0.8879770006007887 1.4137751258849014 1.8076826214586672 
