3.0532154963624896 -0.6918433860905927 0.006693695473446002 0.02190784718794431 -0.06038737207865949 -0.10608693503217345 -0.07470319121427267 0.10494281708441858 0.5271067089371626 1.197353034243754 1.9190216330611303 2.459981867886536 
-0.6918433860905927 1.0052281940465413 0.058643272536310055 -0.025000032328701117 -0.007341738678620932 0.016038821449878567 0.02437784418695555 -0.0018132333855169892 -0.08764808097375398 -0.2384752287629423 -0.4092624844231774 -0.5416310032617766 
0.006693695473446002 0.058643272536310055 0.01703213641821064 0.004009628119974087 0.0010844738037678974 0.0002158193565348886 -0.00016974521142839658 -0.00020098095692209467 0.00036652829041701295 0.0016853002653742636 0.003374256919350645 0.004793588189482837 
0.02190784718794431 -0.025000032328701117 0.004009628119974087 0.0052152711639177115 0.002907788194743023 0.0007599071572204945 -0.0007071820724767587 -0.0008900710542857268 0.0011569836516097595 0.005797154600106264 0.011550937273834062 0.01623746706588374 
-0.06038737207865949 -0.007341738678620932 0.0010844738037678974 0.002907788194743023 0.003930918299110827 0.003861789129683517 0.00223814830564031 -0.0022608910684756684 -0.011343197866305757 -0.024905234852779175 -0.039030096288597584 -0.04937782499110507 
-0.10608693503217345 0.016038821449878567 0.0002158193565348886 0.0007599071572204945 0.003861789129683517 0.005437550787589367 0.0042269960664779865 -0.0022323900635960016 -0.017225050510087495 -0.040900097894712176 -0.06631001324884417 -0.08531165662098371 
-0.07470319121427267 0.02437784418695555 -0.00016974521142839658 -0.0007071820724767587 0.00223814830564031 0.0042269960664779865 0.004189497594975013 0.00030747087096423385 -0.009905166472970421 -0.026723946773282114 -0.045159554741082394 -0.05913855451194987 
0.10494281708441858 -0.0018132333855169892 -0.00020098095692209467 -0.0008900710542857268 -0.0022608910684756684 -0.0022323900635960016 0.00030747087096423385 0.007648136644284622 0.02269591448887521 0.045328034365943015 0.06899777406215 0.08638958695391488 
0.5271067089371626 -0.08764808097375398 0.00036652829041701295 0.0011569836516097595 -0.011343197866305757 -0.017225050510087495 -0.009905166472970421 0.02269591448887521 0.09642069636658288 0.21179488083448184 0.3350773712347133 0.4270094253413612 
1.197353034243754 -0.2384752287629423 0.0016853002653742636 0.005797154600106264 -0.024905234852779175 -0.040900097894712176 -0.026723946773282114 0.045328034365943015 0.21179488083448184 0.4744108493820125 0.7562216163226247 0.9669760035875924 
1.9190216330611303 -0.4092624844231774 0.003374256919350645 0.011550937273834062 -0.039030096288597584 -0.06631001324884417 -0.045159554741082394 0.06899777406215 0.3350773712347133 0.7562216163226247 1.2089321468220837 1.5478967104978898 
2.459981867886536 -0.5416310032617766 0.004793588189482837 0.01623746706588374 -0.04937782499110507 -0.08531165662098371 -0.05913855451194987 0.08638958695391488 0.4270094253413612 0.9669760035875924 1.5478967104978898 1.9831062237015047 
