2.9574404072326033 -0.8500643012809241 0.022672061812847828 0.034991078874783046 -0.04463594329757288 -0.0908268372578727 -0.06390503382383171 0.10569933069679942 0.510429463756033 1.1574704246030159 1.857200979399344 2.3835423150546124 
-0.8500643012809241 1.4767404117114615 0.07148230816489189 -0.03249206047780216 -0.013511624338263539 0.013954523596302653 0.024233007046501498 -0.007016639093515106 -0.11125191430770488 -0.29601404231467676 -0.5065614186837238 -0.6706709762067221 
0.022672061812847828 0.07148230816489189 0.019043057241658976 0.005347219794152073 0.0011815745440300728 -0.0005786579743135837 -0.001350512092986006 -0.0008901628493903192 0.001634825972611964 0.006519752634726856 0.012308566609746113 0.016936680772397662 
0.034991078874783046 -0.03249206047780216 0.005347219794152073 0.006545932190600662 0.003461951173495796 0.0006513834374565125 -0.0011663232573370578 -0.0010487390530632531 0.0024640796444736963 0.009910203090743135 0.01898051718312518 0.026317680592454443 
-0.04463594329757288 -0.013511624338263539 0.0011815745440300728 0.003461951173495796 0.003873078666507684 0.003340728592442006 0.0016586765532254097 -0.0021110940143540097 -0.009145542729398234 -0.01925493279134612 -0.029541878826963026 -0.03694687241335269 
-0.0908268372578727 0.013954523596302653 -0.0005786579743135837 0.0006513834374565125 0.003340728592442006 0.004668380237929269 0.003629210506448887 -0.0018876069340251762 -0.01471190660460309 -0.034993862355124354 -0.0567899995215253 -0.0731083115315094 
-0.06390503382383171 0.024233007046501498 -0.001350512092986006 -0.0011663232573370578 0.0016586765532254097 0.003629210506448887 0.0038744527729284656 0.0008155806437960839 -0.007753526733383844 -0.022164899519300844 -0.03814174110159828 -0.050355426681273324 
0.10569933069679942 -0.007016639093515106 -0.0008901628493903192 -0.0010487390530632531 -0.0021110940143540097 -0.0018876069340251762 0.0008155806437960839 0.00831368945557666 0.023502284380297604 0.04622454272309135 0.06991407165882131 0.0872799767943785 
0.510429463756033 -0.11125191430770488 0.001634825972611964 0.0024640796444736963 -0.009145542729398234 -0.01471190660460309 -0.007753526733383844 0.023502284380297604 0.09447358851979748 0.205822483339491 0.3250270415929713 0.41406356746710427 
1.1574704246030159 -0.29601404231467676 0.006519752634726856 0.009910203090743135 -0.01925493279134612 -0.034993862355124354 -0.022164899519300844 0.04622454272309135 0.205822483339491 0.458848170927428 0.73125023146561 0.9355094071425485 
1.857200979399344 -0.5065614186837238 0.012308566609746113 0.01898051718312518 -0.029541878826963026 -0.0567899995215253 -0.03814174110159828 0.06991407165882131 0.3250270415929713 0.73125023146561 1.1696083479531048 1.4988469989651845 
2.3835423150546124 -0.6706709762067221 0.016936680772397662 0.026317680592454443 -0.03694687241335269 -0.0731083115315094 -0.050355426681273324 0.0872799767943785 0.41406356746710427 0.9355094071425485 1.4988469989651845 1.9222929882387343 
