2.4092989156190443 -0.6385680312044133 0.009743431745981667 0.027533475791784164 -0.03753505903393717 -0.07511466829593959 -0.052274313639816355 0.08749189349061716 0.41887794406869894 0.9466672658715651 1.5158133710570418 1.9428253467013772 
-0.6385680312044133 0.9854074919028313 0.051590682654817005 -0.026993104108798075 -0.012617364335984102 0.007273947574222721 0.01364039823127829 -0.011357679403520348 -0.09052573086466408 -0.22853999529095212 -0.38427924817849596 -0.5047303307175931 
0.009743431745981667 0.051590682654817005 0.01632993081880584 0.00520057428381055 0.0014004089544424679 -0.0004060842464261146 -0.0014871560317060671 -0.0018389099979387537 -0.0010109749682057083 0.0012245583128805114 0.004137022740757482 0.006571633274232756 
0.027533475791784164 -0.026993104108798075 0.00520057428381055 0.005823688453293956 0.002979370136957716 0.0005330361602680329 -0.0010212871111122297 -0.0009659822606993064 0.0018319907169455506 0.00775389977294225 0.014926428751432196 0.02069041521029034 
-0.03753505903393717 -0.012617364335984102 0.0014004089544424679 0.002979370136957716 0.0032476238069232867 0.0028152714458613056 0.0014471975445832863 -0.0016630636999468709 -0.007526146675472115 -0.016012082291085583 -0.02469458208955703 -0.03097561172027165 
-0.07511466829593959 0.007273947574222721 -0.0004060842464261146 0.0005330361602680329 0.0028152714458613056 0.003950825327984075 0.003100145845916623 -0.0014786443560494925 -0.012116547016618693 -0.028917271715916484 -0.04694659669034238 -0.06042498462000679 
-0.052274313639816355 0.01364039823127829 -0.0014871560317060671 -0.0010212871111122297 0.0014471975445832863 0.003100145845916623 0.0032771830909795086 0.0007080217679463211 -0.006383478763085638 -0.018219939954110018 -0.0312707595707083 -0.04119984865753475 
0.08749189349061716 -0.011357679403520348 -0.0018389099979387537 -0.0009659822606993064 -0.0016630636999468709 -0.0014786443560494925 0.0007080217679463211 0.006844428562607117 0.01935275005197589 0.03813621026824279 0.057771499491634154 0.07219736959551654 
0.41887794406869894 -0.09052573086466408 -0.0010109749682057083 0.0018319907169455506 -0.007526146675472115 -0.012116547016618693 -0.006383478763085638 0.01935275005197589 0.07770591206149056 0.16913575082828503 0.26689759577479616 0.33982927129434826 
0.9466672658715651 -0.22853999529095212 0.0012245583128805114 0.00775389977294225 -0.016012082291085583 -0.028917271715916484 -0.018219939954110018 0.03813621026824279 0.16913575082828503 0.37627977985888755 0.598822175173417 0.7653686458033102 
1.5158133710570418 -0.38427924817849596 0.004137022740757482 0.014926428751432196 -0.02469458208955703 -0.04694659669034238 -0.0312707595707083 0.057771499491634154 0.26689759577479616 0.598822175173417 0.9561139551296004 1.2238530192857153 
1.9428253467013772 -0.5047303307175931 0.006571633274232756 0.02069041521029034 -0.03097561172027165 -0.06042498462000679 -0.04119984865753475 0.07219736959551654 0.33982927129434826 0.7653686458033102 1.2238530192857153 1.56763593958797 
