3.070802646726266 -0.8005369924198422 0.019313609373370635 0.02045192489506985 -0.05886103605375477 -0.10245410460264132 -0.07041591286497968 0.10939391577002133 0.5325220452421309 1.2056512690218595 1.9317039028062373 2.4768327005946524 
-0.8005369924198422 1.1660135275155397 0.049342228588687496 -0.0351790478359207 -0.014651563562812605 0.011835593355574867 0.02164539685797113 -0.007734653712736956 -0.10573295547011632 -0.27932444383315386 -0.47701488364905914 -0.6310001293601857 
0.019313609373370635 0.049342228588687496 0.013662811205796271 0.003156892100232844 0.00048516814403815295 -0.0003200247548672417 -0.0003655872500432203 0.0005471021703343226 0.0030047067066950937 0.007110845996516894 0.011667630146324352 0.01516317632635671 
0.02045192489506985 -0.0351790478359207 0.003156892100232844 0.005492715186556057 0.003488659657885576 0.0013929560480540131 -0.0001441564666306446 -0.0005204224081487726 0.0011836122743168634 0.005370192432688046 0.010702016007759663 0.015114012010356193 
-0.05886103605375477 -0.014651563562812605 0.00048516814403815295 0.003488659657885576 0.004498905816103661 0.004297161387579578 0.002566810199321667 -0.001966101979245521 -0.010957243965374402 -0.024281045432099115 -0.03809789201903137 -0.048187973894171114 
-0.10245410460264132 0.011835593355574867 -0.0003200247548672417 0.0013929560480540131 0.004297161387579578 0.005647764786566337 0.0043424295808680655 -0.002000352798273003 -0.01656361224814127 -0.03949787386313808 -0.06409220071510613 -0.08247969887154105 
-0.07041591286497968 0.02164539685797113 -0.0003655872500432203 -0.0001441564666306446 0.002566810199321667 0.0043424295808680655 0.004240090315512098 0.0005355026225848312 -0.009136617643370492 -0.02505665347334163 -0.04251849101042718 -0.055772337373050256 
0.10939391577002133 -0.007734653712736956 0.0005471021703343226 -0.0005204224081487726 -0.001966101979245521 -0.002000352798273003 0.0005355026225848312 0.0080524127690877 0.023616756531224102 0.04714841054965631 0.07183912074409607 0.09002506489495563 
0.5325220452421309 -0.10573295547011632 0.0030047067066950937 0.0011836122743168634 -0.010957243965374402 -0.01656361224814127 -0.009136617643370492 0.023616756531224102 0.09782491043105104 0.21419556114396254 0.338756060895904 0.4317824097688916 
1.2056512690218595 -0.27932444383315386 0.007110845996516894 0.005370192432688046 -0.024281045432099115 -0.03949787386313808 -0.02505665347334163 0.04714841054965631 0.21419556114396254 0.4782431432819304 0.7620741963523641 0.974669890126099 
1.9317039028062373 -0.47701488364905914 0.011667630146324352 0.010702016007759663 -0.03809789201903137 -0.06409220071510613 -0.04251849101042718 0.07183912074409607 0.338756060895904 0.7620741963523641 1.2179208329987092 1.559781972238302 
2.4768327005946524 -0.6310001293601857 0.01516317632635671 0.015114012010356193 -0.048187973894171114 -0.08247969887154105 -0.055772337373050256 0.09002506489495563 0.4317824097688916 0.974669890126099 1.559781972238302 1.9988515128307038 
