2.6827318948036396 -0.6667739269562982 0.029746770013796015 0.02108200594571311 -0.04843542207156971 -0.08447115513390424 -0.05378627226951119 0.10596420725201275 0.4770323180900278 1.0638831754949483 1.6945494240902985 2.1666880666386565 
-0.6667739269562982 0.9235705818446462 0.04882826002231448 -0.022865468978686885 -0.0073925468913391655 0.01304862727246341 0.01948941968707902 -0.0066696413403989465 -0.08941173668308675 -0.23384485969145571 -0.3970546942409328 -0.5234540341431624 
0.029746770013796015 0.04882826002231448 0.016970318687916246 0.004995538154924982 0.0010327024573682808 -0.00047910070474059985 -0.0007472346977767009 0.0006109490845035914 0.004500418657924082 0.01101389580299245 0.018190180757420776 0.02364082201134989 
0.02108200594571311 -0.022865468978686885 0.004995538154924982 0.005221356097941301 0.0028712751725785226 0.000826275714873848 -0.0005446682880865584 -0.0006856751343617675 0.001300127018893167 0.005751237389948593 0.011249392474684528 0.01571708976752272 
-0.04843542207156971 -0.0073925468913391655 0.0010327024573682808 0.0028712751725785226 0.00346059237459789 0.003169696136459394 0.0016625089118604542 -0.002115612342078963 -0.00950225121075073 -0.02037591180875424 -0.03160952947514459 -0.03979196244795514 
-0.08447115513390424 0.01304862727246341 -0.00047910070474059985 0.000826275714873848 0.003169696136459394 0.004248811107211695 0.0031449483517594816 -0.002098948857377327 -0.014079716906002793 -0.03289714652266173 -0.05303935886146001 -0.0680747596320535 
-0.05378627226951119 0.01948941968707902 -0.0007472346977767009 -0.0005446682880865584 0.0016625089118604542 0.0031449483517594816 0.003176765958820207 0.00043686302919573324 -0.0068883212197998105 -0.01901837066221024 -0.032351757515158966 -0.04248012850732992 
0.10596420725201275 -0.0066696413403989465 0.0006109490845035914 -0.0006856751343617675 -0.002115612342078963 -0.002098948857377327 0.00043686302919573324 0.007811036752944121 0.022967461950085533 0.04579371540688058 0.06968604228022904 0.08725202111167711 
0.4770323180900278 -0.08941173668308675 0.004500418657924082 0.001300127018893167 -0.00950225121075073 -0.014079716906002793 -0.0068883212197998105 0.022967461950085533 0.08972140311147304 0.1937721774193265 0.30473355519972284 0.3873677172218909 
1.0638831754949483 -0.23384485969145571 0.01101389580299245 0.005751237389948593 -0.02037591180875424 -0.03289714652266173 -0.01901837066221024 0.04579371540688058 0.1937721774193265 0.42628522209576725 0.6752958649332623 0.8612732371086005 
1.6945494240902985 -0.3970546942409328 0.018190180757420776 0.011249392474684528 -0.03160952947514459 -0.05303935886146001 -0.032351757515158966 0.06968604228022904 0.30473355519972284 0.6752958649332623 1.0728564982460393 1.3701406661729847 
2.1666880666386565 -0.5234540341431624 0.02364082201134989 0.01571708976752272 -0.03979196244795514 -0.0680747596320535 -0.04248012850732992 0.08725202111167711 0.3873677172218909 0.8612732371086005 1.3701406661729847 1.75087943530452 
