1.490616450285114 -5.133432843424936 -0.03962646848615809 -0.003715712489571461 -0.10429479761515213 -0.08589037976965423 0.1933180140709335 0.716863619261634 1.1561940035671197 1.3709832622641775 1.452564853407367 1.4811340973841416 
-5.133432843424936 73.18964667135697 0.08620423495029099 -0.24354144166958494 0.2802944798411566 0.5631222395419877 -0.09415667313323822 -1.897480393100713 -3.646669327556609 -4.595478146116833 -4.991476951950364 -5.143471732784886 
-0.03962646848615809 0.08620423495029099 0.025886281194342838 0.011717526185796735 0.01571250604717787 0.015008954373153758 0.004435553855243573 -0.014241416601793828 -0.029099494429242208 -0.03596103974558114 -0.03839624668870514 -0.03918108866206654 
-0.003715712489571461 -0.24354144166958494 0.011717526185796735 0.025213411665458117 0.019119122883671957 0.011926329010289186 0.004490669109358523 -0.0011711297230305104 -0.0034363241978755503 -0.0037757964595445098 -0.003662420212808026 -0.003543722371419913 
-0.10429479761515213 0.2802944798411566 0.01571250604717787 0.019119122883671957 0.028182182708025215 0.026432086575897917 0.0029089489862870917 -0.040594220421078325 -0.07679384727618038 -0.09435406366752999 -0.10096601589141187 -0.10325803501752721 
-0.08589037976965423 0.5631222395419877 0.015008954373153758 0.011926329010289186 0.026432086575897917 0.03157928079335554 0.015422188161605285 -0.02287773369695864 -0.05754881406940648 -0.07531076069569215 -0.08231681861772522 -0.0848543673983958 
0.1933180140709335 -0.09415667313323822 0.004435553855243573 0.004490669109358523 0.0029089489862870917 0.015422188161605285 0.054966894923932016 0.11550030625311505 0.16169039379766173 0.1827024002061154 0.1901515387598628 0.1925790578563888 
0.716863619261634 -1.897480393100713 -0.014241416601793828 -0.0011711297230305104 -0.040594220421078325 -0.02287773369695864 0.11550030625311505 0.36266424662240576 0.5657421482579265 0.6635044266981431 0.7001082534034716 0.7127431421224341 
1.1561940035671197 -3.646669327556609 -0.029099494429242208 -0.0034363241978755503 -0.07679384727618038 -0.05754881406940648 0.16169039379766173 0.5657421482579265 0.9022687650047412 1.0658936527977143 1.1277258036353588 1.1492687894187001 
1.3709832622641775 -4.595478146116833 -0.03596103974558114 -0.0037757964595445098 -0.09435406366752999 -0.07531076069569215 0.1827024002061154 0.6635044266981431 1.0658936527977143 1.2622438921270533 1.3366920605545638 1.362719151802905 
1.452564853407367 -4.991476951950364 -0.03839624668870514 -0.003662420212808026 -0.10096601589141187 -0.08231681861772522 0.1901515387598628 0.7001082534034716 1.1277258036353588 1.3366920605545638 1.4160339589924535 1.4438114890960043 
1.4811340973841416 -5.143471732784886 -0.03918108866206654 -0.003543722371419913 -0.10325803501752721 -0.0848543673983958 0.1925790578563888 0.7127431421224341 1.1492687894187001 1.362719151802905 1.4438114890960043 1.472219227428455 
