1.5229383151839804 -3.397586164798778 -0.08176711290329508 -0.008042784180750646 -0.12514352749635685 -0.1056974256865954 0.1881637750024367 0.7302164367284021 1.180089777554348 1.3979905954922 1.480017514927539 1.508492083581432 
-3.397586164798778 39.62938048860441 0.06365763317995017 -0.13013410931537364 0.25205601501131936 0.4738657977272207 0.05861095509217221 -1.1435003065897378 -2.3232369345078676 -2.9666081988396558 -3.2359088276519685 -3.339406287410128 
-0.08176711290329508 0.06365763317995017 0.023354097661971218 -0.0020942284524058325 0.006944733070460407 0.006403623377400706 -0.010737755161837323 -0.04096753126906554 -0.06492621172402954 -0.07597736288059469 -0.07990772338884 -0.08118265830481687 
-0.008042784180750646 -0.13013410931537364 -0.0020942284524058325 0.015316762435795618 0.009528958138488522 0.0038039682201150217 -0.0015017933000258158 -0.0055749697312310964 -0.007462492190811661 -0.007977200592117768 -0.00806169610467519 -0.008060045438356141 
-0.12514352749635685 0.25205601501131936 0.006944733070460407 0.009528958138488522 0.020413693313018955 0.018952311342534986 -0.006674766325166986 -0.054492098607946376 -0.09443771368469485 -0.11388951745174192 -0.12124947204121661 -0.12381733400479968 
-0.1056974256865954 0.4738657977272207 0.006403623377400706 0.0038039682201150217 0.018952311342534986 0.023677650962126318 0.005327985242035035 -0.0367420189465204 -0.07452934720061362 -0.0938307222392717 -0.10143904446895252 -0.10419788940531823 
0.1881637750024367 0.05861095509217221 -0.010737755161837323 -0.0015017933000258158 -0.006674766325166986 0.005327985242035035 0.046568913505504295 0.10923933465151175 0.15639396062947242 0.17749097714202092 0.1848193690121774 0.18714771083232992 
0.7302164367284021 -1.1435003065897378 -0.04096753126906554 -0.0055749697312310964 -0.054492098607946376 -0.0367420189465204 0.10923933465151175 0.3663352434665 0.5751402361169191 0.6745936888080311 0.7114273193829905 0.7239975045904381 
1.180089777554348 -2.3232369345078676 -0.06492621172402954 -0.007462492190811661 -0.09443771368469485 -0.07452934720061362 0.15639396062947242 0.5751402361169191 0.9198920513027035 1.0858288685117248 1.147912103051414 1.1693251464613352 
1.3979905954922 -2.9666081988396558 -0.07597736288059469 -0.007977200592117768 -0.11388951745174192 -0.0938307222392717 0.17749097714202092 0.6745936888080311 1.0858288685117248 1.2845055049603484 1.3591074408986035 1.3849357694849687 
1.480017514927539 -3.2359088276519685 -0.07990772338884 -0.00806169610467519 -0.12124947204121661 -0.10143904446895252 0.1848193690121774 0.7114273193829905 1.147912103051414 1.3591074408986035 1.4385279589682003 1.4660675403096426 
1.508492083581432 -3.339406287410128 -0.08118265830481687 -0.008060045438356141 -0.12381733400479968 -0.10419788940531823 0.18714771083232992 0.7239975045904381 1.1693251464613352 1.3849357694849687 1.4660675403096426 1.4942192198890356 
