1.5868910656017077 -3.90849167416435 -0.07086665788013662 -0.015015600542745223 -0.12901809213620702 -0.10734793939358833 0.1968213822969101 0.7602277234250487 1.2296525124496671 1.4578247425359727 1.5440018069927819 1.5740047844692202 
-3.90849167416435 48.03386292525112 0.038499283185075055 -0.13863915493559056 0.2828145625952316 0.5150188763277721 0.020077577772972293 -1.3667789390823235 -2.7190320359866442 -3.4545936495579666 -3.76218615647328 -3.8804160040793674 
-0.07086665788013662 0.038499283185075055 0.014927549963460521 -0.0005270048190217578 0.0045547513936405395 0.0029404001937455935 -0.011675079049812877 -0.036837311883194224 -0.05676966297911563 -0.06600350475018135 -0.06931134264103407 -0.07039530890648772 
-0.015015600542745223 -0.13863915493559056 -0.0005270048190217578 0.009994119008288846 0.006546093622617232 0.0023396682551094037 -0.0031613274691226875 -0.009098823758305138 -0.012866909300657207 -0.014355257540359479 -0.014812890874354272 -0.014938709259025766 
-0.12901809213620702 0.2828145625952316 0.0045547513936405395 0.006546093622617232 0.017592244641484463 0.016530464207795772 -0.009012998110648531 -0.057322813103601586 -0.09789282051017992 -0.11770709234072951 -0.1252160068055275 -0.127836267383326 
-0.10734793939358833 0.5150188763277721 0.0029404001937455935 0.0023396682551094037 0.016530464207795772 0.020686830794994546 0.00223926028167191 -0.0394994027652887 -0.07688357650577485 -0.09594579860428507 -0.1034444021965792 -0.10615539290553427 
0.1968213822969101 0.020077577772972293 -0.011675079049812877 -0.0031613274691226875 -0.009012998110648531 0.00223926028167191 0.0445101403174046 0.11076326082844208 0.16160600424722832 0.18476669699909526 0.1929739112333329 0.1956441184147309 
0.7602277234250487 -1.3667789390823235 -0.036837311883194224 -0.009098823758305138 -0.057322813103601586 -0.0394994027652887 0.11076326082844208 0.3782445183155695 0.5970455336565916 0.7019134809606153 0.7409936656708566 0.7544141703171123 
1.2296525124496671 -2.7190320359866442 -0.05676966297911563 -0.012866909300657207 -0.09789282051017992 -0.07688357650577485 0.16160600424722832 0.5970455336565916 0.9574330122117144 1.1317092130484971 1.1972091213517821 1.2198992858200721 
1.4578247425359727 -3.4545936495579666 -0.06600350475018135 -0.014355257540359479 -0.11770709234072951 -0.09594579860428507 0.18476669699909526 0.7019134809606153 1.1317092130484971 1.3402151772958026 1.4188201149386226 1.446135904869237 
1.5440018069927819 -3.76218615647328 -0.06931134264103407 -0.014812890874354272 -0.1252160068055275 -0.1034444021965792 0.1929739112333329 0.7409936656708566 1.1972091213517821 1.4188201149386226 1.5024706705400526 1.5315777659694936 
1.5740047844692202 -3.8804160040793674 -0.07039530890648772 -0.014938709259025766 -0.127836267383326 -0.10615539290553427 0.1956441184147309 0.7544141703171123 1.2198992858200721 1.446135904869237 1.5315777659694936 1.5613246403170289 
