4.573047542601842 -0.572927529175845 0.0125609445363588 0.01877543231905737 -0.06823351407094605 -0.11432841842893335 -0.07647448874850436 0.12630033982488917 0.6214900979640431 1.4835258761516454 2.5409055115879426 3.443134484292295 
-0.572927529175845 0.792910729015094 0.05483258731514006 -0.022886677707732277 -0.012664583668177373 0.00512468675757304 0.01436601275041802 0.002346688069856196 -0.04950770507530798 -0.15410690542128577 -0.2912549954419067 -0.4131382742782224 
0.0125609445363588 0.05483258731514006 0.01813271923679084 0.00513779380705742 0.0011503617993808982 -0.0005511047020331048 -0.0015252108651665048 -0.0018462596986523587 -0.0010654263516041837 0.001252313140037947 0.004679744206295243 0.007922817904222095 
0.01877543231905737 -0.022886677707732277 0.00513779380705742 0.006668858504340878 0.003929126018167915 0.0013536054972252416 -0.0006264304733217414 -0.0016365270007711948 -0.0009126558962580833 0.002230586531318815 0.007170916681938007 0.011944854580527619 
-0.06823351407094605 -0.012664583668177373 0.0011503617993808982 0.003929126018167915 0.004429933476191153 0.0039184453129155125 0.002174731957690813 -0.0019428062945445552 -0.010215443622449444 -0.02354408783384766 -0.039264681945347976 -0.0523498475061201 
-0.11432841842893335 0.00512468675757304 -0.0005511047020331048 0.0013536054972252416 0.0039184453129155125 0.005067719137238102 0.004003739653799418 -0.0012711141858768001 -0.013970578957542296 -0.035953456604904704 -0.0628374010514128 -0.08573105554009613 
-0.07647448874850436 0.01436601275041802 -0.0015252108651665048 -0.0006264304733217414 0.002174731957690813 0.004003739653799418 0.004232894941838251 0.0014821759469219058 -0.006551741956117669 -0.021319525260488435 -0.0398890773911827 -0.05597100042186345 
0.12630033982488917 0.002346688069856196 -0.0018462596986523587 -0.0016365270007711948 -0.0019428062945445552 -0.0012711141858768001 0.0014821759469219058 0.008474675676276175 0.022925370854478936 0.046491320742697274 0.07445543851272192 0.09781756518799117 
0.6214900979640431 -0.04950770507530798 -0.0010654263516041837 -0.0009126558962580833 -0.010215443622449444 -0.013970578957542296 -0.006551741956117669 0.022925370854478936 0.09139464446205363 0.2084332553848763 0.3507034297462674 0.47140793382499124 
1.4835258761516454 -0.15410690542128577 0.001252313140037947 0.002230586531318815 -0.02354408783384766 -0.035953456604904704 -0.021319525260488435 0.046491320742697274 0.2084332553848763 0.4880836673570485 0.8297383465705624 1.120524503839746 
2.5409055115879426 -0.2912549954419067 0.004679744206295243 0.007170916681938007 -0.039264681945347976 -0.0628374010514128 -0.0398890773911827 0.07445543851272192 0.3507034297462674 0.8297383465705624 1.416191811274755 1.915978145217442 
3.443134484292295 -0.4131382742782224 0.007922817904222095 0.011944854580527619 -0.0523498475061201 -0.08573105554009613 -0.05597100042186345 0.09781756518799117 0.47140793382499124 1.120524503839746 1.915978145217442 2.594300129467871 
