5.301174303380195 -0.9488257319648639 0.030555373958382252 0.039706317978272426 -0.07214438773238095 -0.13681054837504267 -0.10380343435918979 0.1216917764672306 0.6899623971902361 1.6907698518645107 2.925897805978539 3.984239503862498 
-0.9488257319648639 1.126641373013446 0.06535234700625302 -0.0257303982957894 -0.008852626511824079 0.015305921282437834 0.02507882514953386 0.00020111498024659203 -0.08962934579567224 -0.2651864730048685 -0.4928147560261965 -0.6940548173475615 
0.030555373958382252 0.06535234700625302 0.018148620126618803 0.004652474598216394 0.0005145390532844999 -0.0010384870486596141 -0.0015007334635844397 -0.0006668297522350173 0.0023462189604000912 0.008168586624877653 0.015661759591485216 0.022251922127812147 
0.039706317978272426 -0.0257303982957894 0.004652474598216394 0.005838168773634097 0.002839959993136786 0.00025841875937700974 -0.0013551003140155728 -0.0012531836698521771 0.001913883259248038 0.00916486160856973 0.01907589424419383 0.028068679775758373 
-0.07214438773238095 -0.008852626511824079 0.0005145390532844999 0.002839959993136786 0.0036446620855481635 0.003456256578098134 0.0019470038672756032 -0.0021002523892550713 -0.010595063744927122 -0.024538834148779803 -0.04114108227647779 -0.055040672145793584 
-0.13681054837504267 0.015305921282437834 -0.0010384870486596141 0.00025841875937700974 0.003456256578098134 0.005130370180564059 0.0041869098101709416 -0.001793339912472658 -0.016696607460182644 -0.04282276711137401 -0.07498211106623306 -0.1024870436017326 
-0.10380343435918979 0.02507882514953386 -0.0015007334635844397 -0.0013551003140155728 0.0019470038672756032 0.0041869098101709416 0.004377226329045072 0.0006227226822101399 -0.010182312549867893 -0.030004271664399302 -0.05493605494478119 -0.0765495045715859 
0.1216917764672306 0.00020111498024659203 -0.0006668297522350173 -0.0012531836698521771 -0.0021002523892550713 -0.001793339912472658 0.0006227226822101399 0.007215616314055761 0.02112307226331051 0.043974771600543146 0.07117970593211509 0.09394471427594255 
0.6899623971902361 -0.08962934579567224 0.0023462189604000912 0.001913883259248038 -0.010595063744927122 -0.016696607460182644 -0.010182312549867893 0.02112307226331051 0.096358476835333 0.22660794891195515 0.38596549640464467 0.521743854279375 
1.6907698518645107 -0.2651864730048685 0.008168586624877653 0.00916486160856973 -0.024538834148779803 -0.04282276711137401 -0.030004271664399302 0.043974771600543146 0.22660794891195515 0.5458899452663255 0.9384580344967256 1.2740166289863248 
2.925897805978539 -0.4928147560261965 0.015661759591485216 0.01907589424419383 -0.04114108227647779 -0.07498211106623306 -0.05493605494478119 0.07117970593211509 0.38596549640464467 0.9384580344967256 1.6191308170981076 2.201721426307108 
3.984239503862498 -0.6940548173475615 0.022251922127812147 0.028068679775758373 -0.055040672145793584 -0.1024870436017326 -0.0765495045715859 0.09394471427594255 0.521743854279375 1.2740166289863248 2.201721426307108 2.9962601429613516 
