0.04250273509722371 -0.0116782008854096 -0.004713617369257875 -0.007474925674307118 -0.005020432649616991 0.006273863459850416 0.02258942127654447 0.034217002060645235 0.03950078189312501 0.041464858461544574 0.04214765185450295 0.042381136599160284 
-0.0116782008854096 0.04204430573845546 0.003684778794667916 0.002758103304615448 0.003497979297377826 0.0010465375067660917 -0.004099928521543682 -0.008300066788772702 -0.01037798533705025 -0.011203728764584307 -0.011507756155131006 -0.011617194001452917 
-0.004713617369257875 0.003684778794667916 0.006940230313670393 0.005451153025089698 0.0033738597106575735 0.0004995357786046589 -0.0023000053312153784 -0.003876767739268533 -0.004465225173127191 -0.0046450255981011455 -0.004695587455992952 -0.004709163111313469 
-0.007474925674307118 0.002758103304615448 0.005451153025089698 0.006845575810201278 0.006207134436836944 0.002967054318458152 -0.001726868826903824 -0.005077666035835617 -0.006603654459034948 -0.0071725119473538415 -0.00737097717360504 -0.007439135419434149 
-0.005020432649616991 0.003497979297377826 0.0033738597106575735 0.006207134436836944 0.006953121554163599 0.004873010889572839 0.0007905389676261885 -0.0024590652845420556 -0.004043518051021393 -0.004666571681052432 -0.004894070721819691 -0.004975405912262616 
0.006273863459850416 0.0010465375067660917 0.0004995357786046589 0.002967054318458152 0.004873010889572839 0.006255319312886149 0.006774893143398637 0.006678239741262561 0.006486862273831444 0.006369290805877853 0.006313638302057942 0.006289830377811954 
0.02258942127654447 -0.004099928521543682 -0.0023000053312153784 -0.001726868826903824 0.0007905389676261885 0.006774893143398637 0.014289136793935153 0.019286141048730818 0.02144368668376318 0.02221003251570103 0.02246509503947881 0.02254864600242658 
0.034217002060645235 -0.008300066788772702 -0.003876767739268533 -0.005077666035835617 -0.0024590652845420556 0.006678239741262561 0.019286141048730818 0.02808350426559766 0.03202170422066845 0.03346683823047766 0.03396324243743012 0.034131053613773873 
0.03950078189312501 -0.01037798533705025 -0.004465225173127191 -0.006603654459034948 -0.004043518051021393 0.006486862273831444 0.02144368668376318 0.03202170422066845 0.03680277116600449 0.0385718315456737 0.039184225856479744 0.03939279291047024 
0.041464858461544574 -0.011203728764584307 -0.0046450255981011455 -0.0071725119473538415 -0.004666571681052432 0.006369290805877853 0.02221003251570103 0.03346683823047766 0.0385718315456737 0.040466185797896896 0.041123695617395775 0.0413481947808416 
0.04214765185450295 -0.011507756155131006 -0.004695587455992952 -0.00737097717360504 -0.004894070721819691 0.006313638302057942 0.02246509503947881 0.03396324243743012 0.039184225856479744 0.041123695617395775 0.041797528882596136 0.04202781747115151 
0.042381136599160284 -0.011617194001452917 -0.004709163111313469 -0.007439135419434149 -0.004975405912262616 0.006289830377811954 0.02254864600242658 0.034131053613773873 0.03939279291047024 0.0413481947808416 0.04202781747115151 0.04226016736194325 
