0.020437842523670986 -0.002985704067004074 -0.0009861079767152392 -0.0021784264156135716 -0.0014568490918685866 0.0028069307038943152 0.009951898370572613 0.01578899705988037 0.01868789525156388 0.019818005199079714 0.0202222845545245 0.020363670962869264 
-0.002985704067004074 0.06413282925376458 0.0018703162094590665 -0.00044276643608437557 0.0026091155650518026 0.004079000222776969 0.002582974241896425 2.299906229816966e-05 -0.0016736074049486004 -0.0024665716634946393 -0.002790877619974063 -0.002916935408814796 
-0.0009861079767152392 0.0018703162094590665 0.005297896982195314 0.0036920978267173284 0.001983082851172964 0.00037311370502124484 -0.0007164867955088094 -0.001080582983602716 -0.0010941131935580076 -0.001047304371970175 -0.00101434103105143 -0.0009977208820101907 
-0.0021784264156135716 -0.00044276643608437557 0.0036920978267173284 0.004607698661475908 0.004357881592480024 0.0030133701002277944 0.0008677537220940652 -0.0008446484760557737 -0.0016818325204876656 -0.0020040319176108687 -0.002117989610960845 -0.0021574336632580898 
-0.0014568490918685866 0.0026091155650518026 0.001983082851172964 0.004357881592480024 0.005536277565186565 0.00504002683681492 0.002856686634450939 0.0006343240171084451 -0.0006088264797940694 -0.0011369279015459933 -0.00133941045233769 -0.0014144920987413042 
0.0028069307038943152 0.004079000222776969 0.00037311370502124484 0.0030133701002277944 0.00504002683681492 0.005935479290016046 0.005363234456428134 0.004217642884329758 0.003432401576037753 0.003058676158380804 0.0029038373410503154 0.0028430161315509787 
0.009951898370572613 0.002582974241896425 -0.0007164867955088094 0.0008677537220940652 0.002856686634450939 0.005363234456428134 0.00781311501672278 0.0092396388711493 0.009764238969262734 0.009911147006102945 0.00994564288493491 0.009951996812998609 
0.01578899705988037 2.299906229816966e-05 -0.001080582983602716 -0.0008446484760557737 0.0006343240171084451 0.004217642884329758 0.0092396388711493 0.013018667126329922 0.014791695285680377 0.015450311299936573 0.015675682634094773 0.015751255540937554 
0.01868789525156388 -0.0016736074049486004 -0.0010941131935580076 -0.0016818325204876656 -0.0006088264797940694 0.003432401576037753 0.009764238969262734 0.014791695285680377 0.017241803907310102 0.0181822626230728 0.018514069706427966 0.018628640884930003 
0.019818005199079714 -0.0024665716634946393 -0.001047304371970175 -0.0020040319176108687 -0.0011369279015459933 0.003058676158380804 0.009911147006102945 0.015450311299936573 0.0181822626230728 0.019241304439367855 0.01961827174125175 0.019749505397958132 
0.0202222845545245 -0.002790877619974063 -0.00101434103105143 -0.002117989610960845 -0.00133941045233769 0.0029038373410503154 0.00994564288493491 0.015675682634094773 0.018514069706427966 0.01961827174125175 0.02001255049919199 0.0201502060280106 
0.020363670962869264 -0.002916935408814796 -0.0009977208820101907 -0.0021574336632580898 -0.0014144920987413042 0.0028430161315509787 0.009951996812998609 0.015751255540937554 0.018628640884930003 0.019749505397958132 0.0201502060280106 0.02029025442361001 
