0.5573583962935719 -0.26328283768264127 -0.17382438806618197 -0.1540044792644494 -0.07626999482050754 0.10564851239124315 0.32492291344877294 0.46542391996951615 0.525229312623895 0.5465633035982647 0.5537642047388771 0.5561689796041652 
-0.26328283768264127 0.23486362919061146 0.08696260832373633 0.07746812183344638 0.04689521405183908 -0.03736508567327836 -0.14466806639020727 -0.2154735566854955 -0.2462826424400538 -0.2574873495420919 -0.26133815781797926 -0.2626465232659658 
-0.17382438806618197 0.08696260832373633 0.08155955384232644 0.07127500818832071 0.0407101127368017 -0.02330987586425105 -0.09752810354698319 -0.14407392818949383 -0.16356653995053508 -0.17042077140684558 -0.17270342978579234 -0.1734560399727625 
-0.1540044792644494 0.07746812183344638 0.07127500818832071 0.0648768124329045 0.03939564786219256 -0.017215761366751396 -0.08414082612234786 -0.12656567619205314 -0.14447821841975453 -0.15082262895982942 -0.152949920612827 -0.15365589420482728 
-0.07626999482050754 0.04689521405183908 0.0407101127368017 0.03939564786219256 0.027418762029815108 -0.0020139219257432677 -0.03790387979599213 -0.06103607012036813 -0.07092586875804882 -0.07446761182725842 -0.07566752067899099 -0.07606970123003383 
0.10564851239124315 -0.03736508567327836 -0.02330987586425105 -0.017215761366751396 -0.0020139219257432677 0.029974803722993958 0.06722444226701624 0.09064456966530324 0.10046957827256021 0.10392885740834104 0.10508198267940609 0.10546240102721814 
0.32492291344877294 -0.14466806639020727 -0.09752810354698319 -0.08414082612234786 -0.03790387979599213 0.06722444226701624 0.19278067981485483 0.27283103942536613 0.3067759200939958 0.3188438891795587 0.3229041517169116 0.3242558795689684 
0.46542391996951615 -0.2154735566854955 -0.14407392818949383 -0.12656567619205314 -0.06103607012036813 0.09064456966530324 0.27283103942536613 0.3893453408566564 0.4388685432942843 0.45651171587313594 0.4624595209509293 0.4644434474975817 
0.525229312623895 -0.2462826424400538 -0.16356653995053508 -0.14447821841975453 -0.07092586875804882 0.10046957827256021 0.3067759200939958 0.4388685432942843 0.49506265152529616 0.5150981425000594 0.5218574657755799 0.5241137053158692 
0.5465633035982647 -0.2574873495420919 -0.17042077140684558 -0.15082262895982942 -0.07446761182725842 0.10392885740834104 0.3188438891795587 0.45651171587313594 0.5150981425000594 0.5359931413505681 0.5430445322594342 0.54539894292562 
0.5537642047388771 -0.26133815781797926 -0.17270342978579234 -0.152949920612827 -0.07566752067899099 0.10508198267940609 0.3229041517169116 0.4624595209509293 0.5218574657755799 0.5430445322594342 0.5501953340587368 0.5525832128269658 
0.5561689796041652 -0.2626465232659658 -0.1734560399727625 -0.15365589420482728 -0.07606970123003383 0.10546240102721814 0.3242558795689684 0.4644434474975817 0.5241137053158692 0.54539894292562 0.5525832128269658 0.5549823767588751 
