0.06134653793271255 -0.005363382907124464 -0.01099152436601581 -0.012755349725925243 -0.00724088595113425 0.00994088560463068 0.03365518164465365 0.0501707447206863 0.05743659299536134 0.06004022026931544 0.06091371384339282 0.06120266407397399 
-0.005363382907124464 0.03632092750423495 0.0022301359623662265 0.0023161509738917714 0.004042740616127315 0.0033573245333500526 0.00017307642005639178 -0.0028112851037562347 -0.004365663732376446 -0.004996856705684766 -0.005231480413267286 -0.00531621592341031 
-0.01099152436601581 0.0022301359623662265 0.011235822447652435 0.009264784197178137 0.005807867329869129 0.0003700127896479435 -0.005471816041529415 -0.008988817323680136 -0.010364541926558453 -0.01080523126627052 -0.010937073180352712 -0.010975726398714315 
-0.012755349725925243 0.0023161509738917714 0.009264784197178137 0.011113768019269712 0.009715879329505133 0.004266239446495911 -0.0035047288640665674 -0.008992600504217914 -0.01142959396618125 -0.01230955148347389 -0.012606762431678483 -0.012705683319640405 
-0.00724088595113425 0.004042740616127315 0.005807867329869129 0.009715879329505133 0.010467122050496892 0.007237120828449408 0.0011441224041721623 -0.0036369135425374783 -0.005907713027234896 -0.006772618467456059 -0.0070785231885708 -0.007184617833755491 
0.00994088560463068 0.0033573245333500526 0.0003700127896479435 0.004266239446495911 0.007237120828449408 0.00947563630758482 0.010454872500007891 0.010436979986310204 0.010209854639810402 0.010061062270618044 0.0099903149682093 0.00996039192918086 
0.03365518164465365 0.00017307642005639178 -0.005471816041529415 -0.0035047288640665674 0.0011441224041721623 0.010454872500007891 0.021731816228945846 0.029060853831837284 0.03212009635934006 0.03316536798146524 0.03350023126578041 0.03360603278524262 
0.0501707447206863 -0.0028112851037562347 -0.008988817323680136 -0.008992600504217914 -0.0036369135425374783 0.010436979986310204 0.029060853831837284 0.04176306786807964 0.04726655193579737 0.04921239761070557 0.049857031353841584 0.050067694598193636 
0.05743659299536134 -0.004365663732376446 -0.010364541926558453 -0.01142959396618125 -0.005907713027234896 0.010209854639810402 0.03212009635934006 0.04726655193579737 0.05389433970276585 0.056258207408190014 0.05704778754213945 0.057307878725877615 
0.06004022026931544 -0.004996856705684766 -0.01080523126627052 -0.01230955148347389 -0.006772618467456059 0.010061062270618044 0.03316536798146524 0.04921239761070557 0.056258207408190014 0.058778642398661464 0.05962286258587785 0.059901696138879724 
0.06091371384339282 -0.005231480413267286 -0.010937073180352712 -0.012606762431678483 -0.0070785231885708 0.0099903149682093 0.03350023126578041 0.049857031353841584 0.05704778754213945 0.05962286258587785 0.060486259523515405 0.06077170478853178 
0.06120266407397399 -0.00531621592341031 -0.010975726398714315 -0.012705683319640405 -0.007184617833755491 0.00996039192918086 0.03360603278524262 0.050067694598193636 0.057307878725877615 0.059901696138879724 0.06077170478853178 0.061059440224990054 
