0.04928512620667382 -0.00818863268410564 -0.004996295796423444 -0.00650941297464816 -0.003505688906742144 0.007824450114830513 0.02525411698193127 0.038865461687131446 0.04543492817534464 0.04794335207628306 0.048824669378087764 0.049127597923224256 
-0.00818863268410564 0.07198389674324447 0.004108776045725169 0.002357054693292122 0.005449450737997856 0.00545073936271971 0.0012946233587965974 -0.003439778614517877 -0.006214944872744565 -0.007431419575110745 -0.007909051017522553 -0.008089481040476625 
-0.004996295796423444 0.004108776045725169 0.007268344049584121 0.0055118992739364055 0.003326516883456193 0.00048750933317299517 -0.0023638188225912687 -0.004072368637031623 -0.00472938602871585 -0.004927358762861231 -0.00498020020940176 -0.004993026175097766 
-0.00650941297464816 0.002357054693292122 0.0055118992739364055 0.006326374325133183 0.005633235264712868 0.002998113547369527 -0.0010131011150712262 -0.0041308178019649035 -0.005631602186201399 -0.006203684752399334 -0.0064044695872799385 -0.006473444997281676 
-0.003505688906742144 0.005449450737997856 0.003326516883456193 0.005633235264712868 0.006600394531099161 0.005381211341116823 0.002145094521479133 -0.0008532552733486285 -0.002455248374918325 -0.003116610305031582 -0.003364928639252457 -0.0034554580800697523 
0.007824450114830513 0.00545073936271971 0.00048750933317299517 0.002998113547369527 0.005381211341116823 0.007313260371932699 0.008270822208369635 0.008318652817853864 0.008111571341163299 0.007958646900429994 0.007881188081898836 0.007846859549104308 
0.02525411698193127 0.0012946233587965974 -0.0023638188225912687 -0.0010131011150712262 0.002145094521479133 0.008270822208369635 0.016027310100062985 0.021503687041788927 0.02395542247666856 0.02483002183177906 0.025117488517190298 0.02520984946951717 
0.038865461687131446 -0.003439778614517877 -0.004072368637031623 -0.0041308178019649035 -0.0008532552733486285 0.008318652817853864 0.021503687041788927 0.03147719500364129 0.03618414687679974 0.03794700329291967 0.03855526575582887 0.03876071712877895 
0.04543492817534464 -0.006214944872744565 -0.00472938602871585 -0.005631602186201399 -0.002455248374918325 0.008111571341163299 0.02395542247666856 0.03618414687679974 0.04203853621811462 0.04425848674593213 0.045033455723803156 0.045298196503328884 
0.04794335207628306 -0.007431419575110745 -0.004927358762861231 -0.006203684752399334 -0.003116610305031582 0.007958646900429994 0.02483002183177906 0.03794700329291967 0.04425848674593213 0.046662126261937095 0.04750459145145974 0.04779349800799993 
0.048824669378087764 -0.007909051017522553 -0.00498020020940176 -0.0064044695872799385 -0.003364928639252457 0.007881188081898836 0.025117488517190298 0.03855526575582887 0.045033455723803156 0.04750459145145974 0.048372016040147035 0.048669909340344375 
0.049127597923224256 -0.008089481040476625 -0.004993026175097766 -0.006473444997281676 -0.0034554580800697523 0.007846859549104308 0.02520984946951717 0.03876071712877895 0.045298196503328884 0.04779349800799993 0.048669909340344375 0.04897105451558277 
