0.31517815587736187 -0.06928805082180156 -0.03403260587755363 -0.038911841146275036 -0.031039337541773442 0.011330178699629453 0.10154575669687141 0.20362536879526216 0.26900922941731786 0.298137342302478 0.30917276389585074 0.31313005638728086 
-0.06928805082180156 0.09010500257475204 0.0077365897131557075 0.00418072928136054 0.0058343159294580345 -0.0001691837466658987 -0.018650282709853687 -0.041931695374516735 -0.0576937779916285 -0.06499655759791054 -0.06785378308987 -0.06890750574765057 
-0.03403260587755363 0.0077365897131557075 0.015012342662164689 0.014175415873411222 0.010935627357470116 0.003705318810052622 -0.008625745602498616 -0.0213163968714894 -0.02897890348747888 -0.032232598060767184 -0.03341164594091986 -0.03381645209328593 
-0.038911841146275036 0.00418072928136054 0.014175415873411222 0.015536840397683 0.013312642911328536 0.005992864516890604 -0.00794857342204231 -0.023033963464347308 -0.03244324405668459 -0.03654896606608361 -0.03807586593442586 -0.03861391060552272 
-0.031039337541773442 0.0058343159294580345 0.010935627357470116 0.013312642911328536 0.01266754615357996 0.007442581429758007 -0.003910237717500996 -0.016830921830797506 -0.025134401463141456 -0.028843318124928376 -0.0302518640927441 -0.030758142048656185 
0.011330178699629453 -0.0001691837466658987 0.003705318810052622 0.005992864516890604 0.007442581429758007 0.008839011434214566 0.010171404790187265 0.011021182620556536 0.011322748573591954 0.011373561221382326 0.011364696934866378 0.011352056259348361 
0.10154575669687141 -0.018650282709853687 -0.008625745602498616 -0.00794857342204231 -0.003910237717500996 0.010171404790187265 0.03806464768286167 0.06877668191443558 0.08813398291340471 0.09664923862920738 0.0998388200991115 0.10097030560164906 
0.20362536879526216 -0.041931695374516735 -0.0213163968714894 -0.023033963464347308 -0.016830921830797506 0.011021182620556536 0.06877668191443558 0.1334941269961371 0.17471182793948953 0.19299291163751367 0.19989144768055672 0.20235600502742848 
0.26900922941731786 -0.0576937779916285 -0.02897890348747888 -0.03244324405668459 -0.025134401463141456 0.011322748573591954 0.08813398291340471 0.17471182793948953 0.23004207926936243 0.2546483145916524 0.26395602117591793 0.2672888296795911 
0.298137342302478 -0.06499655759791054 -0.032232598060767184 -0.03654896606608361 -0.028843318124928376 0.011373561221382326 0.09664923862920738 0.19299291163751367 0.2546483145916524 0.2820965577308135 0.2924891609728256 0.2962137776978648 
0.30917276389585074 -0.06785378308987 -0.03341164594091986 -0.03807586593442586 -0.0302518640927441 0.011364696934866378 0.0998388200991115 0.19989144768055672 0.26395602117591793 0.2924891609728256 0.30329672872156677 0.3071714883002167 
0.31313005638728086 -0.06890750574765057 -0.03381645209328593 -0.03861391060552272 -0.030758142048656185 0.011352056259348361 0.10097030560164906 0.20235600502742848 0.2672888296795911 0.2962137776978648 0.3071714883002167 0.3111006681441898 
