0.3201863622203603 -0.08200885176344148 -0.042595357877990334 -0.046528770251045216 -0.034495263978965164 0.016846560812741374 0.1169164329394586 0.21971872643467058 0.2802600979596841 0.3058317714688901 0.31522925509034194 0.3185334487961267 
-0.08200885176344148 0.11192644510073187 0.010162073441797554 0.006640180391933124 0.00789332948100352 -0.0010899342365968756 -0.025160570794586543 -0.05267249905441195 -0.06989572848881838 -0.07752047935329501 -0.08044050236424881 -0.08150708651943486 
-0.042595357877990334 0.010162073441797554 0.018476414087788565 0.017240442663658317 0.012810237550243676 0.0028616915313932675 -0.013343793740827914 -0.028703775533830047 -0.03728654704286432 -0.04075586123672088 -0.04197917898124897 -0.04239214923023353 
-0.046528770251045216 0.006640180391933124 0.017240442663658317 0.019063644758568872 0.016240480925100224 0.006454064136419976 -0.011490302628378208 -0.02943381305454865 -0.03981820910796755 -0.044141044006072966 -0.0457081086189834 -0.046251750969757 
-0.034495263978965164 0.00789332948100352 0.012810237550243676 0.016240480925100224 0.015702536340452784 0.009096718272951899 -0.004902845557168957 -0.019696776013399774 -0.028549337540016612 -0.03233356139885181 -0.03373849727790433 -0.03423700256591578 
0.016846560812741374 -0.0010899342365968756 0.0028616915313932675 0.006454064136419976 0.009096718272951899 0.011810235967663648 0.014441626621756659 0.016107708707260228 0.01672221294581735 0.016859826858853583 0.016870458793953134 0.016861062567197996 
0.1169164329394586 -0.025160570794586543 -0.013343793740827914 -0.011490302628378208 -0.004902845557168957 0.014441626621756659 0.049304033739457014 0.08399214160828164 0.10401820958662919 0.11234193207955308 0.11535626868344835 0.1164013287299979 
0.21971872643467058 -0.05267249905441195 -0.028703775533830047 -0.02943381305454865 -0.019696776013399774 0.016107708707260228 0.08399214160828164 0.1529702287475676 0.19331921322740755 0.2102698466389666 0.21646853243343916 0.2186378120711793 
0.2802600979596841 -0.06989572848881838 -0.03728654704286432 -0.03981820910796755 -0.028549337540016612 0.01672221294581735 0.10401820958662919 0.19331921322740755 0.24577296985307737 0.26788230225391413 0.27599196006963256 0.27883818508266905 
0.3058317714688901 -0.07752047935329501 -0.04075586123672088 -0.044141044006072966 -0.03233356139885181 0.016859826858853583 0.11234193207955308 0.2102698466389666 0.26788230225391413 0.2921970366845748 0.30112597764557836 0.3042632086878751 
0.31522925509034194 -0.08044050236424881 -0.04197917898124897 -0.0457081086189834 -0.03373849727790433 0.016870458793953134 0.11535626868344835 0.21646853243343916 0.27599196006963256 0.30112597764557836 0.31036005500277114 0.31360593343744836 
0.3185334487961267 -0.08150708651943486 -0.04239214923023353 -0.046251750969757 -0.03423700256591578 0.016861062567197996 0.1164013287299979 0.2186378120711793 0.27883818508266905 0.3042632086878751 0.31360593343744836 0.31689058665492753 
