2.1862755890496057 -0.4567612693762096 0.01097152844229398 0.007832563169612698 -0.03850132379595652 -0.062078642595387985 -0.037711302353419504 0.08147939872707231 0.36105089778489874 0.816932731559671 1.3284604570887486 1.7280711130657544 
-0.4567612693762096 0.4905917106354628 0.02572811912915843 -0.01589341412749723 -0.005315488996234343 0.007856719005033062 0.012160781415401414 -0.003910782184152397 -0.05606163894018014 -0.15004022683560495 -0.26076227721687223 -0.35004011670535856 
0.01097152844229398 0.02572811912915843 0.009095571901505065 0.0031563767774537865 0.0009524427703533312 -0.00010343589166007484 -0.000641351061997664 -0.0005652088573265827 0.0005178789538574722 0.002800858240644388 0.005651101728564025 0.008023164502904051 
0.007832563169612698 -0.01589341412749723 0.0031563767774537865 0.003952594162361887 0.0023697422160453576 0.0008306535220819815 -0.0004156089396547363 -0.0011437566184340914 -0.0009227855233695212 0.0005590038659645407 0.0028476474503083766 0.004949371532664836 
-0.03850132379595652 -0.005315488996234343 0.0009524427703533312 0.0023697422160453576 0.002595417961555561 0.002224119901079562 0.0010214457980831097 -0.0017872967459905053 -0.007247287266527436 -0.015483520051912973 -0.024346699147536538 -0.031077977884302214 
-0.062078642595387985 0.007856719005033062 -0.00010343589166007484 0.0008306535220819815 0.002224119901079562 0.0028154866651675823 0.0019972982961112195 -0.001552671272175727 -0.009697227703937324 -0.022862535968575234 -0.037564903840535006 -0.04901266562765647 
-0.037711302353419504 0.012160781415401414 -0.000641351061997664 -0.0004156089396547363 0.0010214457980831097 0.0019972982961112195 0.002061021205874235 0.00036555510207201945 -0.004329925478591396 -0.012404463398098746 -0.021697812709679676 -0.029074587313509054 
0.08147939872707231 -0.003910782184152397 -0.0005652088573265827 -0.0011437566184340914 -0.0017872967459905053 -0.001552671272175727 0.00036555510207201945 0.005632106893674219 0.016484104894784423 0.03329203350553462 0.0516474486150035 0.06573007812508705 
0.36105089778489874 -0.05606163894018014 0.0005178789538574722 -0.0009227855233695212 -0.007247287266527436 -0.009697227703937324 -0.004329925478591396 0.016484104894784423 0.06330357814723947 0.13845502369020166 0.2220951395177655 0.28708379619194424 
0.816932731559671 -0.15004022683560495 0.002800858240644388 0.0005590038659645407 -0.015483520051912973 -0.022862535968575234 -0.012404463398098746 0.03329203350553462 0.13845502369020166 0.3087233170175937 0.4990735761525381 0.6474140882894112 
1.3284604570887486 -0.26076227721687223 0.005651101728564025 0.0028476474503083766 -0.024346699147536538 -0.037564903840535006 -0.021697812709679676 0.0516474486150035 0.2220951395177655 0.4990735761525381 0.8093024257937833 1.051365726729985 
1.7280711130657544 -0.35004011670535856 0.008023164502904051 0.004949371532664836 -0.031077977884302214 -0.04901266562765647 -0.029074587313509054 0.06573007812508705 0.28708379619194424 0.6474140882894112 1.051365726729985 1.3667477779884207 
