4.04251605372929 -0.6057339889894634 0.007273209707798689 0.012076162444362703 -0.05768707008005995 -0.09616284488883811 -0.06824432278823127 0.09347746417338197 0.5002399495629113 1.2319530767382882 2.1635908328124818 2.985361316725027 
-0.6057339889894634 0.536953527081703 0.03217433314028205 -0.013197063148475177 -0.0023713382106396765 0.01112651672669163 0.015751148731533486 -0.0001620974675130122 -0.05489790272465505 -0.1626885560123633 -0.3056866469912227 -0.4349658279404299 
0.007273209707798689 0.03217433314028205 0.009925990742383616 0.0035956031124738624 0.001304107731618138 0.00016939100962603388 -0.0005510499957560565 -0.0009003556603160114 -0.0006256379397506205 0.0005602763829222989 0.002485110226995425 0.004405426881180996 
0.012076162444362703 -0.013197063148475177 0.0035956031124738624 0.004021326079029288 0.0023008008736379875 0.0007382275164153039 -0.00047522613969092184 -0.001123120569343741 -0.0007301447370834578 0.0011840127684938128 0.004328251241514243 0.007469963876088667 
-0.05768707008005995 -0.0023713382106396765 0.001304107731618138 0.0023008008736379875 0.0027038382703964796 0.0025302926279370756 0.0014371913291105973 -0.001512259681008655 -0.007835693506991447 -0.018545883275920244 -0.03178668795452123 -0.04325664902475196 
-0.09616284488883811 0.01112651672669163 0.00016939100962603388 0.0007382275164153039 0.0025302926279370756 0.003444488586558968 0.0027319586834400147 -0.0012076196840783305 -0.011038281718032684 -0.028666045033323578 -0.05107152497747348 -0.0708115462656898 
-0.06824432278823127 0.015751148731533486 -0.0005510499957560565 -0.00047522613969092184 0.0014371913291105973 0.0027319586834400147 0.002809046135790783 0.0005057329690440871 -0.006158731325005869 -0.0186683251167861 -0.0349016906025619 -0.04938010923486722 
0.09347746417338197 -0.0001620974675130122 -0.0009003556603160114 -0.001123120569343741 -0.001512259681008655 -0.0012076196840783305 0.0005057329690440871 0.005134408455038871 0.015071518649949779 0.031911107648365876 0.05273388304869947 0.07077359003229566 
0.5002399495629113 -0.05489790272465505 -0.0006256379397506205 -0.0007301447370834578 -0.007835693506991447 -0.011038281718032684 -0.006158731325005869 0.015071518649949779 0.06618513901657522 0.156730542413199 0.2711716053770604 0.37166519801001835 
1.2319530767382882 -0.1626885560123633 0.0005602763829222989 0.0011840127684938128 -0.018545883275920244 -0.028666045033323578 -0.0186683251167861 0.031911107648365876 0.156730542413199 0.37978242907046644 0.6628788378084639 0.9121049418847376 
2.1635908328124818 -0.3056866469912227 0.002485110226995425 0.004328251241514243 -0.03178668795452123 -0.05107152497747348 -0.0349016906025619 0.05273388304869947 0.2711716053770604 0.6628788378084639 1.1608574986060745 1.599700772534807 
2.985361316725027 -0.4349658279404299 0.004405426881180996 0.007469963876088667 -0.04325664902475196 -0.0708115462656898 -0.04938010923486722 0.07077359003229566 0.37166519801001835 0.9121049418847376 1.599700772534807 2.2059322009685998 
