0.3024505029084686 -0.07604946150863857 0.0032818762258033725 0.0026796075156803 -0.014189480791085366 -0.022422088636500265 -0.014045702163782082 0.022876359665710538 0.0929152201097087 0.17435522594107014 0.23659415633720732 0.27194946710538437 
-0.07604946150863857 0.28572729179573547 0.022986053558797487 -0.009327312699584542 -0.0048816266865340414 0.002238565960570206 0.005564829739238449 0.0005793472973132545 -0.015345936656390584 -0.03699962152548863 -0.05499982448377972 -0.06585840437089484 
0.0032818762258033725 0.022986053558797487 0.011955991569836887 0.0044935928853077805 0.001360352039062385 -0.00033317017256246625 -0.0013792297507961408 -0.0016851871990031602 -0.001010345868966922 0.0003402136217826167 0.00161895044607619 0.0024469568759713798 
0.0026796075156803 -0.009327312699584542 0.0044935928853077805 0.004083600946959417 0.0022313986280793827 0.0006898582722001875 -0.0004724057094622069 -0.0010396316891324048 -0.0007382553040502712 0.0002384990665756439 0.0012581394356614448 0.0019498022791725532 
-0.014189480791085366 -0.0048816266865340414 0.001360352039062385 0.0022313986280793827 0.002426002619317668 0.0021444993305668324 0.0011297920570211724 -0.0011216022228153222 -0.004711075459303737 -0.008572516159790619 -0.011386343259116747 -0.012927864753866895 
-0.022422088636500265 0.002238565960570206 -0.00033317017256246625 0.0006898582722001875 0.0021444993305668324 0.002782732628829576 0.002110424679259082 -0.0007724424403647611 -0.006210746961731906 -0.012519905116545682 -0.017335189116239217 -0.020067889865555435 
-0.014045702163782082 0.005564829739238449 -0.0013792297507961408 -0.0004724057094622069 0.0011297920570211724 0.002110424679259082 0.002151249640787966 0.0006180150642680483 -0.002811095675106403 -0.007038719067423109 -0.010376289470911623 -0.012316951683036873 
0.022876359665710538 0.0005793472973132545 -0.0016851871990031602 -0.0010396316891324048 -0.0011216022228153222 -0.0007724424403647611 0.0006180150642680483 0.003828588340020265 0.009024055892719393 0.01465004592456345 0.018764358982046488 0.021023474103274205 
0.0929152201097087 -0.015345936656390584 -0.001010345868966922 -0.0007382553040502712 -0.004711075459303737 -0.006210746961731906 -0.002811095675106403 0.009024055892719393 0.03050366634800619 0.0550271219723457 0.07356577095341824 0.08401086986065129 
0.17435522594107014 -0.03699962152548863 0.0003402136217826167 0.0002384990665756439 -0.008572516159790619 -0.012519905116545682 -0.007038719067423109 0.01465004592456345 0.0550271219723457 0.10161855288716758 0.13706374265274646 0.15712998725914135 
0.23659415633720732 -0.05499982448377972 0.00161895044607619 0.0012581394356614448 -0.011386343259116747 -0.017335189116239217 -0.010376289470911623 0.018764358982046488 0.07356577095341824 0.13706374265274646 0.18548938567753406 0.21295458831183367 
0.27194946710538437 -0.06585840437089484 0.0024469568759713798 0.0019498022791725532 -0.012927864753866895 -0.020067889865555435 -0.012316951683036873 0.021023474103274205 0.08401086986065129 0.15712998725914135 0.21295458831183367 0.2446424630535057 
