1.1201729966936596 -0.2607890881713419 0.006116870148717698 -0.0003672227097535987 -0.028773574872010352 -0.04195642085607782 -0.024718142010383873 0.05096958062646945 0.2188738271149787 0.47280437932536834 0.7331641752997733 0.9207320412140614 
-0.2607890881713419 0.39943870045689606 0.026886044758034227 -0.010056802167880066 -0.004576486074440818 0.003868713422747416 0.006313754685069795 -0.005221686384824769 -0.04010563071842791 -0.09844416019547748 -0.16140601688791187 -0.20836075467328993 
0.006116870148717698 0.026886044758034227 0.010167634679812708 0.003894368034964529 0.0015583022737183957 0.0003887244390026451 -0.00031412948248367174 -0.0005303759138163916 9.906524681290187e-06 0.0013862031959814398 0.003090863953245025 0.004458448976479944 
-0.0003672227097535987 -0.010056802167880066 0.003894368034964529 0.004015497157505756 0.0027829137255973835 0.0015643034011123265 0.0004238849959172219 -0.0006041491376541312 -0.0013587406377085496 -0.0016328897805194984 -0.0014476773711452828 -0.0010877696834462028 
-0.028773574872010352 -0.004576486074440818 0.0015583022737183957 0.0027829137255973835 0.003032424693276812 0.0027147342951660976 0.0016029374585099505 -0.0009856332463757619 -0.005828439487092872 -0.012632856837013208 -0.01932590673119735 -0.02400792189813125 
-0.04195642085607782 0.003868713422747416 0.0003887244390026451 0.0015643034011123265 0.0027147342951660976 0.0031132391328061487 0.002304372480950782 -0.0007603748551075552 -0.0073514346519155 -0.017191979244628054 -0.02720824486885984 -0.03438609342548086 
-0.024718142010383873 0.006313754685069795 -0.00031412948248367174 0.0004238849959172219 0.0016029374585099505 0.002304372480950782 0.0022306470721135964 0.0007254075638493879 -0.0030524558701742464 -0.009008582884900569 -0.015242517877833444 -0.019793487668394366 
0.05096958062646945 -0.005221686384824769 -0.0005303759138163916 -0.0006041491376541312 -0.0009856332463757619 -0.0007603748551075552 0.0007254075638493879 0.004674906163145648 0.012453111597020533 0.023659048279774605 0.034849606576617974 0.04276663621841872 
0.2188738271149787 -0.04010563071842791 9.906524681290187e-06 -0.0013587406377085496 -0.005828439487092872 -0.0073514346519155 -0.0030524558701742464 0.012453111597020533 0.04555051146001376 0.09486200496948437 0.14501956383726655 0.1809573204536814 
0.47280437932536834 -0.09844416019547748 0.0013862031959814398 -0.0016328897805194984 -0.012632856837013208 -0.017191979244628054 -0.009008582884900569 0.023659048279774605 0.09486200496948437 0.20181752132963857 0.3110843618439556 0.38960718940928546 
0.7331641752997733 -0.16140601688791187 0.003090863953245025 -0.0014476773711452828 -0.01932590673119735 -0.02720824486885984 -0.015242517877833444 0.034849606576617974 0.14501956383726655 0.3110843618439556 0.4810522485434483 0.6033512893921054 
0.9207320412140614 -0.20836075467328993 0.004458448976479944 -0.0010877696834462028 -0.02400792189813125 -0.03438609342548086 -0.019793487668394366 0.04276663621841872 0.1809573204536814 0.38960718940928546 0.6033512893921054 0.7572428949748101 
