0.47808703158665034 -0.42168189536315015 -0.01973990727755365 0.01586146502944471 -0.011911538065710839 -0.03058868094606052 -0.02205238863670615 0.03332388001456083 0.14199872274850642 0.26946765085261737 0.3682990324529553 0.42579163161830563 
-0.42168189536315015 1.7683645336908642 0.0655505821452977 -0.044615991223192965 -0.019379832353879894 0.013336639269836182 0.025387881158277455 -0.006306184469009919 -0.09395514070818548 -0.20941934246722688 -0.3052256461510066 -0.363928616110734 
-0.01973990727755365 0.0655505821452977 0.01817783041756539 0.004062454754485306 0.0019031623595243221 0.00149896522112428 0.0004315364623520176 -0.002341278533927315 -0.00698622143051133 -0.012067534881233532 -0.015832070061308663 -0.01794138002967731 
0.01586146502944471 -0.044615991223192965 0.004062454754485306 0.00760425046401779 0.004586719525729025 0.0016933965840040047 -8.793432393872727e-05 0.00011158604226722853 0.0028933428007948225 0.007204225231996291 0.011008936433216978 0.01341840019494036 
-0.011911538065710839 -0.019379832353879894 0.0019031623595243221 0.004586719525729025 0.004361390200935725 0.0034042968148706343 0.0017847995526264699 -0.0008083556158500429 -0.004262764018241534 -0.007590108503306797 -0.009847276018256579 -0.011022132117517602 
-0.03058868094606052 0.013336639269836182 0.00149896522112428 0.0016933965840040047 0.0034042968148706343 0.004123770405634204 0.003014519953142498 -0.001125198794634324 -0.00861230628930888 -0.017112218232322857 -0.023577360400521143 -0.0272848736771211 
-0.02205238863670615 0.025387881158277455 0.0004315364623520176 -8.793432393872727e-05 0.0017847995526264699 0.003014519953142498 0.0028504421944627392 0.00030917942190105774 -0.004992827871931794 -0.011362089438090507 -0.016372980027392608 -0.019321439306909174 
0.03332388001456083 -0.006306184469009919 -0.002341278533927315 0.00011158604226722853 -0.0008083556158500429 -0.001125198794634324 0.00030917942190105774 0.004678984460655869 0.012200585425955458 0.02053026046038241 0.02675635515532866 0.030273236520317194 
0.14199872274850642 -0.09395514070818548 -0.00698622143051133 0.0028933428007948225 -0.004262764018241534 -0.00861230628930888 -0.004992827871931794 0.012200585425955458 0.044590439205088275 0.08194703627159909 0.11061071775376616 0.12714883400951185 
0.26946765085261737 -0.20941934246722688 -0.012067534881233532 0.007204225231996291 -0.007590108503306797 -0.017112218232322857 -0.011362089438090507 0.02053026046038241 0.08194703627159909 0.15343157373094424 0.20859268014020343 0.2405609960666473 
0.3682990324529553 -0.3052256461510066 -0.015832070061308663 0.011008936433216978 -0.009847276018256579 -0.023577360400521143 -0.016372980027392608 0.02675635515532866 0.11061071775376616 0.20859268014020343 0.28438251838214207 0.3283890508168334 
0.42579163161830563 -0.363928616110734 -0.01794138002967731 0.01341840019494036 -0.011022132117517602 -0.0272848736771211 -0.019321439306909174 0.030273236520317194 0.12714883400951185 0.2405609960666473 0.3283890508168334 0.379432479209724 
