2.198879438593026 -0.42878996608049746 0.007651182258211148 0.010462251844727226 -0.03208812190649225 -0.056253760273893914 -0.03823315378067719 0.06522249521148778 0.3191208780858957 0.7532316208185474 1.2677668183879476 1.6904758644167492 
-0.42878996608049746 0.523071653405877 0.02938127531769179 -0.012300921677694513 -0.0029066970209169363 0.009870929927369525 0.015473735523898247 0.0038122814468259866 -0.039739960210796295 -0.12345455796339982 -0.2282345014200034 -0.31729471535021 
0.007651182258211148 0.02938127531769179 0.009270422379107118 0.003308913540842065 0.0011804733317016102 0.00012050638354316698 -0.000531272314398481 -0.0007624137487325375 -0.0002791746158677501 0.0011591155218870122 0.0032170924208686368 0.00509086211701829 
0.010462251844727226 -0.012300921677694513 0.003308913540842065 0.0032739495890358457 0.0018155219804079786 0.0004987153829652462 -0.0005178452369116936 -0.0009975960330629355 -0.00047467141287202907 0.00142127248655871 0.004244540597858062 0.006860466977959662 
-0.03208812190649225 -0.0029066970209169363 0.0011804733317016102 0.0018155219804079786 0.0019536735034661975 0.001726068844342139 0.0008963028941462663 -0.001140431844555529 -0.005261481030618344 -0.01178674369475959 -0.01921971088926303 -0.025170315475552433 
-0.056253760273893914 0.009870929927369525 0.00012050638354316698 0.0004987153829652462 0.001726068844342139 0.002401785588604162 0.001963835300557503 -0.0007018824864470518 -0.007288844054408931 -0.018578292889563586 -0.03197582894783782 -0.0429914688867337 
-0.03823315378067719 0.015473735523898247 -0.000531272314398481 -0.0005178452369116936 0.0008963028941462663 0.001963835300557503 0.002232483813181054 0.0009041835636085863 -0.0032810644340836507 -0.010992859059137185 -0.020459792394616174 -0.02840882954374245 
0.06522249521148778 0.0038122814468259866 -0.0007624137487325375 -0.0009975960330629355 -0.001140431844555529 -0.0007018824864470518 0.0009041835636085863 0.004878903639930949 0.012932606087065673 0.02567663030607675 0.040177055194826936 0.051770773466980044 
0.3191208780858957 -0.039739960210796295 -0.0002791746158677501 -0.00047467141287202907 -0.005261481030618344 -0.007288844054408931 -0.0032810644340836507 0.012932606087065673 0.05051111835501156 0.11342201381016563 0.18719513111440675 0.24738259722388653 
0.7532316208185474 -0.12345455796339982 0.0011591155218870122 0.00142127248655871 -0.01178674369475959 -0.018578292889563586 -0.010992859059137185 0.02567663030607675 0.11342201381016563 0.26208066921143536 0.43746852050016777 0.5811245247811087 
1.2677668183879476 -0.2282345014200034 0.0032170924208686368 0.004244540597858062 -0.01921971088926303 -0.03197582894783782 -0.020459792394616174 0.040177055194826936 0.18719513111440675 0.43746852050016777 0.7334554075398712 0.976271118835048 
1.6904758644167492 -0.31729471535021 0.00509086211701829 0.006860466977959662 -0.025170315475552433 -0.0429914688867337 -0.02840882954374245 0.051770773466980044 0.24738259722388653 0.5811245247811087 0.976271118835048 1.3006708348590585 
