0.8500814587894089 -0.17763374759498826 0.007104844915681004 0.0004522502173661449 -0.02982576315468469 -0.04297329595226635 -0.02355861015106164 0.05508034965051248 0.21531360045549955 0.42838276743492626 0.6167364947459368 0.7364496773668557 
-0.17763374759498826 0.31146673190813035 0.016273658702927452 -0.012308765631640966 -0.004950965808052408 0.0037409619743646047 0.006199925911026397 -0.00455035614529626 -0.03482460530506485 -0.07969054945082538 -0.12172737720330536 -0.14956887481139738 
0.007104844915681004 0.016273658702927452 0.009542855310901729 0.0038107709421603413 0.0011599867461384852 -0.0003321709518595529 -0.0012157152540405473 -0.0013192610337608066 -0.00026664297124427325 0.001793391602897629 0.0039422396408023 0.005458018628929482 
0.0004522502173661449 -0.012308765631640966 0.0038107709421603413 0.0037889988376860347 0.0023635257135886695 0.0010424051646350796 -0.00011982833818869948 -0.0010318200527972212 -0.0014619322994378187 -0.0012849316562196364 -0.0007585339194512735 -0.00025573646852823954 
-0.02982576315468469 -0.004950965808052408 0.0011599867461384852 0.0023635257135886695 0.002970099937857818 0.0028377810849400833 0.001563481810696204 -0.0017456798471577799 -0.007776303907183404 -0.015417043988550231 -0.02198244870751606 -0.026068397226925406 
-0.04297329595226635 0.0037409619743646047 -0.0003321709518595529 0.0010424051646350796 0.0028377810849400833 0.0035683859177742484 0.0025629501530962163 -0.0015395881499423562 -0.009896805395298086 -0.021005015458941834 -0.03082100748504258 -0.03705758927571319 
-0.02355861015106164 0.006199925911026397 -0.0012157152540405473 -0.00011982833818869948 0.001563481810696204 0.0025629501530962163 0.002507084135190822 0.0005891018517000345 -0.003951519521703899 -0.010322696602220537 -0.016120812372982983 -0.01988211596647597 
0.05508034965051248 -0.00455035614529626 -0.0013192610337608066 -0.0010318200527972212 -0.0017456798471577799 -0.0015395881499423562 0.0005891018517000345 0.006256964371126191 0.01668489906051977 0.029954712654698838 0.04138546729095081 0.04851187040537287 
0.21531360045549955 -0.03482460530506485 -0.00026664297124427325 -0.0014619322994378187 -0.007776303907183404 -0.009896805395298086 -0.003951519521703899 0.01668489906051977 0.05741638032272117 0.11087309871624122 0.15777218833579185 0.18741408513092433 
0.42838276743492626 -0.07969054945082538 0.001793391602897629 -0.0012849316562196364 -0.015417043988550231 -0.021005015458941834 -0.010322696602220537 0.029954712654698838 0.11087309871624122 0.21785405394295126 0.3121104876019123 0.37187029198770555 
0.6167364947459368 -0.12172737720330536 0.0039422396408023 -0.0007585339194512735 -0.02198244870751606 -0.03082100748504258 -0.016120812372982983 0.04138546729095081 0.15777218833579185 0.3121104876019123 0.4483282635187125 0.5348027618788304 
0.7364496773668557 -0.14956887481139738 0.005458018628929482 -0.00025573646852823954 -0.026068397226925406 -0.03705758927571319 -0.01988211596647597 0.04851187040537287 0.18741408513092433 0.37187029198770555 0.5348027618788304 0.6382987077066195 
