1.1445664325404342e+16 58756616.413613915 -9210953.992822425 -8888686.28801581 -6510029.471792446 3488469.3519257316 39848450.91760319 166366274.87665048 597132063.0604866 2043241861.1186924 6846970082.10335 22669782373.785408 
58756616.413613915 0.37112911229657936 -0.04489333938909689 -0.044567421538596635 -0.029969207034790654 0.023823981632553223 0.21292553441580864 0.864859349152561 3.0786699024477877 10.504789440649152 35.16734598597761 116.39667438693864 
-9210953.992822425 -0.04489333938909689 0.010183222183263858 0.009704066713059928 0.007652830355907285 -0.0005068597303261872 -0.02987735562415275 -0.1318028305872316 -0.4785739931384826 -1.6424489955510921 -5.5083846390851665 -18.241982714500438 
-8888686.28801581 -0.044567421538596635 0.009704066713059928 0.00952038409867182 0.007645423032596607 -0.00015311013505030845 -0.02842439160156725 -0.12671246093993535 -0.4612794675118068 -1.5843616143086803 -5.3149658473914245 -17.602975298457498 
-6510029.471792446 -0.029969207034790654 0.007652830355907285 0.007645423032596607 0.0064484388526889255 0.0008968457272704353 -0.019652823634625914 -0.09148283263117417 -0.33636206784028044 -1.1587454110297766 -3.8908643945176022 -12.89038366302235 
3488469.3519257316 0.023823981632553223 -0.0005068597303261872 -0.00015311013505030845 0.0008968457272704353 0.004237212681545449 0.01560463130573536 0.05444998743726515 0.18602604745096984 0.6270646566226854 2.091456571440027 6.914303410831794 
39848450.91760319 0.21292553441580864 -0.02987735562415275 -0.02842439160156725 -0.019652823634625914 0.01560463130573536 0.1426297943409913 0.5835414344736843 2.083703119959137 7.118819187795187 23.84359404806259 78.93166857622377 
166366274.87665048 0.864859349152561 -0.1318028305872316 -0.12671246093993535 -0.09148283263117417 0.05444998743726515 0.5835414344736843 2.4231040006514157 8.685006389418263 29.70525038448312 99.52952010127741 329.5195911813891 
597132063.0604866 3.0786699024477877 -0.4785739931384826 -0.4612794675118068 -0.33636206784028044 0.18602604745096984 2.083703119959137 8.685006389418263 31.159240505079215 106.60501723388934 357.22119869048936 1182.7143166938013 
2043241861.1186924 10.504789440649152 -1.6424489955510921 -1.5843616143086803 -1.1587454110297766 0.6270646566226854 7.118819187795187 29.70525038448312 106.60501723388934 364.7606174943478 1222.3070759251104 4046.9437141506405 
6846970082.10335 35.16734598597761 -5.5083846390851665 -5.3149658473914245 -3.8908643945176022 2.091456571440027 23.84359404806259 99.52952010127741 357.22119869048936 1222.3070759251104 4095.971249148655 13561.418728495066 
22669782373.785408 116.39667438693864 -18.241982714500438 -17.602975298457498 -12.89038366302235 6.914303410831794 78.93166857622377 329.5195911813891 1182.7143166938013 4046.9437141506405 13561.418728495066 44900.77265031438 
