1.0219839728474286e+19 573576801442.5796 -59412848244.807785 -55178647438.60004 -31331808749.052986 58305674857.1481 376173244925.18713 1474968007122.1968 5209924439817.285 17745318414271.145 59392692397984.59 196611991937309.62 
573576801442.5796 32193.751233864936 -3334.547277969898 -3096.861209620718 -1758.332595374303 3272.612838442653 21112.70778042515 82781.44686966098 292401.74117110687 995936.5149860942 3333347.8294246495 11034624.021228088 
-59412848244.807785 -3334.547277969898 345.41153765276425 320.78164608073985 182.1359087088565 -338.9808895857507 -2186.9087718857973 -8574.742384664847 -30287.85292478921 -103162.14356689808 -345278.3887974403 -1143000.2463667928 
-55178647438.60004 -3096.861209620718 320.78164608073985 297.92731444629857 169.1768337462606 -314.78918418082475 -2031.008210088035 -7963.585530545956 -28129.246629824942 -95809.96206974685 -320671.19339542283 -1061541.4547046383 
-31331808749.052986 -1758.332595374303 182.1359087088565 169.1768337462606 96.08730111055873 -178.70455046592548 -1153.20070373376 -4521.849970342361 -15972.398204788611 -54403.176267804905 -182084.96147666103 -602769.5110640237 
58305674857.1481 3272.612838442653 -338.9808895857507 -314.78918418082475 -178.70455046592548 332.7212625752755 2146.2322315236893 8415.046666835877 29723.54774431181 101239.82757448568 338844.1956817433 1121700.3257665834 
376173244925.18713 21112.70778042515 -2186.9087718857973 -2031.008210088035 -1153.20070373376 2146.2322315236893 13846.3880510455 54291.01777860871 191767.84356495598 653172.3666177493 2186134.593133915 7236921.200281309 
1474968007122.1968 82781.44686966098 -8574.742384664847 -7963.585530545956 -4521.849970342361 8415.046666835877 54291.01777860871 212873.51418681128 751917.3712471602 2561075.454288101 8571790.5364795 28375826.87640222 
5209924439817.285 292401.74117110687 -30287.85292478921 -28129.246629824942 -15972.398204788611 29723.54774431181 191767.84356495598 751917.3712471602 2655943.4648219473 9046303.576584797 30277524.22784031 100229911.15432432 
17745318414271.145 995936.5149860942 -103162.14356689808 -95809.96206974685 -54403.176267804905 101239.82757448568 653172.3666177493 2561075.454288101 9046303.576584797 30812257.27948838 103127081.47986436 341389150.99070793 
59392692397984.59 3333347.8294246495 -345278.3887974403 -320671.19339542283 -182084.96147666103 338844.1956817433 2186134.593133915 8571790.5364795 30277524.22784031 103127081.47986436 345161177.7980951 1142612396.8133385 
196611991937309.62 11034624.021228088 -1143000.2463667928 -1061541.4547046383 -602769.5110640237 1121700.3257665834 7236921.200281309 28375826.87640222 100229911.15432432 341389150.99070793 1142612396.8133385 3782473738.3417454 
