1.027545183271343 -0.35984987948862335 -0.01195080035834878 -0.004893285076593213 -0.033989474361192915 -0.0483197000036601 -0.029700158681940036 0.05147956182904197 0.22549251842377788 0.4730962238787935 0.7088227774304454 0.8680101165667546 
-0.35984987948862335 0.5683286695285621 0.0364842775491859 -0.009613664791940474 0.0013173906246899633 0.014258949875125871 0.016560760920326874 -0.004153042494686591 -0.060793866990851014 -0.14838873817077644 -0.2355446045032845 -0.29624087585040065 
-0.01195080035834878 0.0364842775491859 0.010847835963786813 0.004203134483889809 0.0021707284080170587 0.0011441590764129192 8.593145521259077e-05 -0.0014831752445614989 -0.003823846842446139 -0.006632554748840733 -0.009052601387231926 -0.010574044660852247 
-0.004893285076593213 -0.009613664791940474 0.004203134483889809 0.004312569933766867 0.0028125189160766984 0.0013534728207575206 -7.934803607449394e-05 -0.0015573564636434882 -0.002999110945477841 -0.004135019359722503 -0.0047576925034963575 -0.004968550255713826 
-0.033989474361192915 0.0013173906246899633 0.0021707284080170587 0.0028125189160766984 0.0031244669852392806 0.0028518368954411227 0.0015268303305334423 -0.0017877455469720409 -0.007984736189381596 -0.016313874373171482 -0.02399519320340123 -0.029067325825439555 
-0.0483197000036601 0.014258949875125871 0.0011441590764129192 0.0013534728207575206 0.0028518368954411227 0.0035438354842932513 0.0026259828798568755 -0.001311138478999054 -0.009716018773428103 -0.02165225106481673 -0.03300195347305702 -0.040658935212209875 
-0.029700158681940036 0.016560760920326874 8.593145521259077e-05 -7.934803607449394e-05 0.0015268303305334423 0.0026259828798568755 0.002642284836206528 0.0006433391254724518 -0.00439372933024789 -0.011962169063657293 -0.019369816356962104 -0.024465233943092853 
0.05147956182904197 -0.004153042494686591 -0.0014831752445614989 -0.0015573564636434882 -0.0017877455469720409 -0.001311138478999054 0.0006433391254724518 0.005434425527797778 0.014333775066334414 0.026258231871376932 0.03723449117607665 0.0444719685295345 
0.22549251842377788 -0.060793866990851014 -0.003823846842446139 -0.002999110945477841 -0.007984736189381596 -0.009716018773428103 -0.00439372933024789 0.014333775066334414 0.052821856747501214 0.10668917481559906 0.15751232307629276 0.19161811503663165 
0.4730962238787935 -0.14838873817077644 -0.006632554748840733 -0.004135019359722503 -0.016313874373171482 -0.02165225106481673 -0.011962169063657293 0.026258231871376932 0.10668917481559906 0.22031893608449296 0.3280774347845306 0.40064939218841333 
0.7088227774304454 -0.2355446045032845 -0.009052601387231926 -0.0047576925034963575 -0.02399519320340123 -0.03300195347305702 -0.019369816356962104 0.03723449117607665 0.15751232307629276 0.3280774347845306 0.4901609152517052 0.5994748989814985 
0.8680101165667546 -0.29624087585040065 -0.010574044660852247 -0.004968550255713826 -0.029067325825439555 -0.040658935212209875 -0.024465233943092853 0.0444719685295345 0.19161811503663165 0.40064939218841333 0.5994748989814985 0.7336577932433044 
