0.7473367694345111 -0.4693645330045151 -0.013698333601504074 0.026408865757393114 -0.011833341258627408 -0.037876160656256076 -0.029428981921913698 0.040748232118028305 0.1910290387100081 0.3856864961634569 0.5506406496262813 0.6522575900941778 
-0.4693645330045151 1.831224197936262 0.08947447966966918 -0.045810152087332266 -0.023845158610070454 0.010049399520061598 0.026024280744994126 0.0010427408793645986 -0.08310109234548538 -0.20770796660760701 -0.32125167007143246 -0.3950074227682501 
-0.013698333601504074 0.08947447966966918 0.0212748041725627 0.0015862034338647779 -0.0004609715791302376 0.00018697438074837433 0.000533597678404466 -0.0003850592822523554 -0.003023103337473252 -0.006689982825876582 -0.009876598548005327 -0.011857668416845565 
0.026408865757393114 -0.045810152087332266 0.0015862034338647779 0.006194617280469122 0.003294905496280122 0.0004938809631149297 -0.0009249332087325391 0.00018860510808702832 0.0048016348679657764 0.011787135043131065 0.018166622979841854 0.022295148625801797 
-0.011833341258627408 -0.023845158610070454 -0.0004609715791302376 0.003294905496280122 0.003388605036450742 0.0026254366269296216 0.0012988239768962008 -0.0008506513869575543 -0.0038852141074042076 -0.007091175900553996 -0.009471751957074455 -0.010790283189496253 
-0.037876160656256076 0.010049399520061598 0.00018697438074837433 0.0004938809631149297 0.0026254366269296216 0.0036992225266837472 0.002909903267902854 -0.0010766227272360166 -0.00913422639355956 -0.01933858786150705 -0.02787245262636497 -0.03307712168476647 
-0.029428981921913698 0.026024280744994126 0.000533597678404466 -0.0009249332087325391 0.0012988239768962008 0.002909903267902854 0.0030041702175615695 0.0004210392863168664 -0.005683727206496583 -0.01384855151592829 -0.02088321950521647 -0.02526590005371797 
0.040748232118028305 0.0010427408793645986 -0.0003850592822523554 0.00018860510808702832 -0.0008506513869575543 -0.0010766227272360166 0.0004210392863168664 0.004930354911466772 0.013184385497402931 0.023220938136201484 0.031418674764370345 0.03633216484311878 
0.1910290387100081 -0.08310109234548538 -0.003023103337473252 0.0048016348679657764 -0.0038852141074042076 -0.00913422639355956 -0.005683727206496583 0.013184385497402931 0.05183014152266058 0.10105177476644016 0.14236305483725692 0.1676312976453673 
0.3856864961634569 -0.20770796660760701 -0.006689982825876582 0.011787135043131065 -0.007091175900553996 -0.01933858786150705 -0.01384855151592829 0.023220938136201484 0.10105177476644016 0.20111824802250777 0.2855532919082341 0.3374019076627657 
0.5506406496262813 -0.32125167007143246 -0.009876598548005327 0.018166622979841854 -0.009471751957074455 -0.02787245262636497 -0.02088321950521647 0.031418674764370345 0.14236305483725692 0.2855532919082341 0.40664129272779004 0.48111827627621345 
0.6522575900941778 -0.3950074227682501 -0.011857668416845565 0.022295148625801797 -0.010790283189496253 -0.03307712168476647 -0.02526590005371797 0.03633216484311878 0.1676312976453673 0.3374019076627657 0.48111827627621345 0.5695826294134688 
