{
 "cells": [
  {
   "cell_type": "code",
   "execution_count": 1,
   "metadata": {},
   "outputs": [
    {
     "name": "stdout",
     "output_type": "stream",
     "text": [
      "1.69e+20 2.73e+20 2.44e+20\n",
      "6.86e+20\n"
     ]
    }
   ],
   "source": [
    "from __future__ import print_function\n",
    "import matplotlib.pyplot as plt\n",
    "from matplotlib import gridspec\n",
    "import numpy as np\n",
    "from math import sqrt,cos,acos,pi,exp,sin,atan2,log\n",
    "from numpy import arange,mean,asarray,isnan,isinf\n",
    "import pickle as pkl\n",
    "from scipy import stats\n",
    "\n",
    "import csv\n",
    "import sys\n",
    "import pandas as pd\n",
    "import os\n",
    "\n",
    "from DavioPlotter import *\n",
    "\n",
    "finalPred = False\n",
    "fset = 11 # 0 = open data, 1-7 = fake datasets, 8 = High E far sideband, 9 = Low BDT far sideband, 10 = Full near sideband\n",
    "cutMode = 0 # 0 = Final Selection, 1 = Kin Cut Sample, 2 = High E, 3 = Low BDT, 4 = \n",
    "if fset==8: cutMode = 2\n",
    "if fset==9: cutMode = 3\n",
    "    \n",
    "cutmodedir = {0:'FinalSelection',1:'KinCut',2:'HighE',3:'LowBDT'}[cutMode]\n",
    "\n",
    "lowEpatch = False#True if fset in [0,5,8,9] else False\n",
    "vtxCut    = 5#np.inf\n",
    "\n",
    "C1_POT = 1.558e+20 + 1.129e+17 + 1.869e+19\n",
    "D2_POT = 1.63e+20 + 2.964e+19 + 1.239e+19\n",
    "E1_POT = 5.923e+19\n",
    "F1_POT = 4.3e+19\n",
    "G1_POT = 1.701e+20 + 2.97e+19 + 1.524e+17\n",
    "\n",
    "\n",
    "if fset==0: \n",
    "    DAT_POT1 = 4.403e19\n",
    "    DAT_POT2 = 0\n",
    "    DAT_POT3 = 8.786e+18\n",
    "elif fset==1: \n",
    "    DAT_POT1  = 1.935765e20\n",
    "    DAT_POT2 = 0\n",
    "    DAT_POT3  = 2.99974063e20\n",
    "elif fset==2: \n",
    "    DAT_POT1 = 4.0129213616e20\n",
    "    DAT_POT2 = 0\n",
    "    DAT_POT3 = 3.85169302616e20\n",
    "elif fset==3: \n",
    "    DAT_POT1 = 4.024614415411e20\n",
    "    DAT_POT2 = 0\n",
    "    DAT_POT3 = 3.9685728933181e20\n",
    "elif fset==4: \n",
    "    DAT_POT1 = 3.907905653e20\n",
    "    DAT_POT2 = 0\n",
    "    DAT_POT3 = 3.92356759e20\n",
    "elif fset==5: \n",
    "    DAT_POT1 = 7.00587e20\n",
    "    DAT_POT2 = 0\n",
    "    DAT_POT3 = 0\n",
    "elif fset==7: \n",
    "    DAT_POT1 = 1.8382999360024655e+20\n",
    "    DAT_POT2 = 0\n",
    "    DAT_POT3 = 2.05E+20\n",
    "elif(fset==8):\n",
    "    DAT_POT1 = C1_POT\n",
    "    DAT_POT2 = D2_POT+E1_POT\n",
    "    DAT_POT3 = F1_POT+G1_POT\n",
    "elif(fset==9):\n",
    "    DAT_POT1 = C1_POT\n",
    "    DAT_POT2 = D2_POT+E1_POT\n",
    "    DAT_POT3 = G1_POT\n",
    "elif(fset ==10):\n",
    "    DAT_POT1 = 1.631e+20\n",
    "    DAT_POT2 = 2.750e+20\n",
    "    DAT_POT3 = 2.291e+20\n",
    "elif(fset ==11):\n",
    "    DAT_POT1 = 1.69E+20\n",
    "    DAT_POT2 = 2.73E+20\n",
    "    DAT_POT3 = 2.44E+20\n",
    "\n",
    "\n",
    "if finalPred and fset==0:\n",
    "    DAT_POT1 = C1_POT\n",
    "    DAT_POT2 = E1_POT+D2_POT\n",
    "    DAT_POT3 = F1_POT+G1_POT\n",
    "    \n",
    "DATA_POT_TOT = DAT_POT1 + DAT_POT2 + DAT_POT3\n",
    "\n",
    "\n",
    "print(DAT_POT1,DAT_POT2,DAT_POT3)\n",
    "print(DAT_POT1+DAT_POT2+DAT_POT3)\n",
    "\n",
    "def poisson_errors(k, CL = 0.6827):\n",
    "    \n",
    "    # 1 Sig = 0.6827\n",
    "    # 2 Sig = 0.9545\n",
    "    # 3 Sig = 0.9973\n",
    "    \n",
    "    a = 1.0 - CL\n",
    "    low, high = (stats.chi2.ppf(a/2, 2*k) / 2, stats.chi2.ppf(1-a/2, 2*k + 2) / 2)\n",
    "    low = np.where(k==0,0,low)\n",
    "    return k - low, high - k\n"
   ]
  },
  {
   "cell_type": "code",
   "execution_count": 9,
   "metadata": {
    "scrolled": false
   },
   "outputs": [
    {
     "name": "stdout",
     "output_type": "stream",
     "text": [
      "\n",
      "\n",
      " #################### RUN 1 #################### \n",
      "\n",
      "Sample: data\n",
      "1549\n",
      "Sample: ext\n",
      "263\n",
      "Sample: overlay\n",
      "5602\n",
      "Sample: intrinsics\n",
      "14733\n",
      "Sample: ncpi0\n",
      "589\n",
      "Sample: ccpi0\n",
      "285\n",
      "\n",
      "\n",
      " #################### RUN 2 #################### \n",
      "\n",
      "Sample: data\n",
      "1989\n",
      "Sample: ext\n",
      "No Events\n",
      "Sample: overlay\n",
      "5784\n",
      "Sample: intrinsics\n",
      "11241\n",
      "\n",
      "\n",
      " #################### RUN 3 #################### \n",
      "\n",
      "Sample: data\n",
      "1862\n",
      "Sample: ext\n",
      "537\n",
      "Sample: overlay\n",
      "3943\n",
      "Sample: intrinsics\n",
      "5940\n",
      "Sample: ncpi0\n",
      "504\n",
      "Sample: ccpi0\n",
      "266\n"
     ]
    }
   ],
   "source": [
    "tag='3March2021_vA_fullLowE_withPi0Sample_newShowerCalib'\n",
    "#tag='7July2021_vA_fullLowE_withPi0Sample_newShowerCalib_noEnu'\n",
    "\n",
    "filetaglist = {1:['data','ext','overlay','overlay_lowE','intrinsics','intrinsics_lowE','ncpi0','ccpi0'],\n",
    "               2:['data','ext','overlay','overlay_lowE','intrinsics','intrinsics_lowE'],\n",
    "               3:['data','ext','overlay','overlay_lowE','intrinsics','intrinsics_lowE','ncpi0','ccpi0']}\n",
    "\n",
    "df = {1:{},2:{},3:{}}\n",
    "\n",
    "psavedir = 'Parquets/'+tag+'/'\n",
    "\n",
    "for r in [1,2,3]:\n",
    "    print('\\n\\n','#'*20,'RUN',r,'#'*20,'\\n')\n",
    "\n",
    "    for filetag in filetaglist[r]:\n",
    "        if not lowEpatch and 'lowE' in filetag: continue\n",
    "        print('Sample:',filetag)\n",
    "        if filetag=='data':\n",
    "            pstring = 'SelectionMode%i_%s_fset%i_run%i.parquet.gzip'%(cutMode,filetag,fset,r)\n",
    "        else:\n",
    "            pstring = 'SelectionMode%i_%s_fset%i_run%i.parquet.gzip'%(cutMode,filetag,fset,r)\n",
    "        try:\n",
    "            df[r][filetag] = pd.read_parquet(psavedir+pstring)\n",
    "            print(len(df[r][filetag]))\n",
    "        except:\n",
    "            print('No Events')\n",
    "            pass\n",
    "        \n",
    "df[2]['ext'] = df[3]['ext'].copy()\n",
    "if cutMode in [2,3]:\n",
    "    df1d = (df[1]['data'].copy()).query('run<8000')\n",
    "    df2d = (df[1]['data'].copy()).query('run>8000 and run<13000')\n",
    "    df3d = (df[1]['data'].copy()).query('run>13000')\n",
    "    df[1]['data'] = df1d\n",
    "    df[2]['data'] = df2d\n",
    "    df[3]['data'] = df3d"
   ]
  },
  {
   "cell_type": "code",
   "execution_count": 10,
   "metadata": {},
   "outputs": [],
   "source": [
    "    \n",
    "\n",
    "varb_names = ['Enu_1e1p','Eta','PT_1e1p','AlphaT_1e1p',\n",
    "              'SphB_1e1p','PzEnu_1e1p','ChargeNearTrunk',\n",
    "              'Q0_1e1p','Q3_1e1p','Thetas','Phis','PTRat_1e1p',\n",
    "              'Proton_ThetaReco','Proton_PhiReco',\n",
    "              'MinShrFrac','MaxShrFrac',\n",
    "              'BjXB_1e1p','BjYB_1e1p','Proton_Edep',\n",
    "              'Electron_Edep',\n",
    "              'Lepton_ThetaReco','Lepton_PhiReco',\n",
    "              'OpenAng','Xreco','Yreco','Zreco',\n",
    "              'sigprob','MPIDY_muon',\n",
    "              'MPIDY_proton','MPIDY_eminus','shower_fraction',\n",
    "              'Shower_Consistency',\n",
    "              'EnuQE_lepton','EnuQE_proton',\n",
    "              'Proton_TrackLength','Lepton_TrackLength','EnuTrue']\n",
    "\n",
    "var_labels = [r'$E_\\nu^{Range}$ [MeV]',r'$\\eta$',r'Event $p_T$ [MeV]',r'$\\alpha_T$',\n",
    "              'QE Consistency',r'$p_z - E_\\nu$ [MeV]','Charge Near Trunk',\n",
    "              r'$Q_0$ [MeV]',r'$Q_3$ [MeV]',r'$\\theta_e + \\theta_p$',r'$|\\phi_e - \\phi_p|$',r'Event $p_T/p$',\n",
    "              r'$\\theta_p$',r'$\\phi_p$',\n",
    "              'Minimum Shower Fraction','Maximum Shower Fraction',\n",
    "              'Bjorken X (Nucleon Rest Frame)','Bjorken Y (Nucleon Rest Frame)',r'$E_p$ [MeV]',\n",
    "              r'$E_e$ [MeV]',\n",
    "              r'$\\theta_e$',r'$\\phi_e$',\n",
    "              'Opening Angle',r'$X_{reco}$',r'$Y_{reco}$','$Z_{reco}$',\n",
    "              '1e1p BDT Score','Muon MPID Score (Y plane)',\n",
    "              'Proton MPID Score (Y plane)','Electron MPID Score (Y plane)','Shower Fraction',\n",
    "              'Shower Energy Consistency',\n",
    "              r'$E_\\nu^{Q-e}$',r'$E_\\nu^{QE-p}$',\n",
    "              'Proton Track Length [cm]','Lepton Track Length [cm]',r'$E_\\nu^{True}$ [MeV]']\n",
    "\n",
    "ranges = [ (0,1200),(0,0.6),(0,800),(0,np.pi),(0,5000),(-800,300),\n",
    "           (0,800),(100,700),(0,1400),(0,2*np.pi),(0,2*np.pi),\n",
    "           (0,1),(0,np.pi),(-np.pi,np.pi),(-1,1),(-1,1),(0,3),\n",
    "           (0,1),(60,500),(35,1200),(0,np.pi),\n",
    "           (-np.pi,np.pi),(0,np.pi),(0,256),(-117,117),(0,1036),\n",
    "           (0.0,1.0),(0,1),(0,1),(0,1),(0,3),(0,5),\n",
    "           (0,1200),(0,1200),(0,100),(0,200),(0,1200)]\n",
    "\n",
    "varlabel_dict = {name:label for name,label in zip(varb_names,var_labels)}\n",
    "range_dict = {name:rnge for name,rnge in zip(varb_names,ranges)}\n",
    "\n",
    "if cutMode in [0,2]: range_dict['sigprob'] = (0.95,1.0)\n",
    "    "
   ]
  },
  {
   "cell_type": "code",
   "execution_count": 19,
   "metadata": {
    "scrolled": true
   },
   "outputs": [],
   "source": [
    "# HELPER FUNCTIONS\n",
    "detsystag = '2August2021'\n",
    "\n",
    "def getSysErrors(nbins,varName,mode,sigcut,rwtnameoverride=None,nsbmode=0):\n",
    "    if nsbmode in [1,2,3]: \n",
    "        if nsbmode!=3: det_sys_m = np.loadtxt('CovMatrices/DetVar/'+tag+'/14July2021/covMatrix/'+mode+'/BDTcut'+str(sigcut)+'/nsbmode'+str(nsbmode)+'/detsys_'+varName+'_run13_cutMode'+str(cutMode)+'_cov_smooth.csv',delimiter=',')\n",
    "        if nsbmode==3: det_sys_m = np.loadtxt('CovMatrices/DetVar/'+tag+'/'+detsystag+'/covMatrix/'+mode+'/BDTcut0.95/detsys_'+varName+'_run13_cutMode'+str(cutMode)+'_cov_smooth.csv',delimiter=',')\n",
    "        elif varName=='Enu_1e1p':\n",
    "            det_sys_tmp = np.zeros((12,12))\n",
    "            if nsbmode==1: det_sys_tmp[5:,5:] = det_sys_m\n",
    "            if nsbmode==2: det_sys_tmp[5:7,5:7] = det_sys_m\n",
    "            det_sys_m = det_sys_tmp\n",
    "    else: det_sys_m = np.loadtxt('CovMatrices/DetVar/'+tag+'/'+detsystag+'/covMatrix/'+mode+'/BDTcut'+str(sigcut)+'/detsys_'+varName+'_run13_cutMode'+str(cutMode)+'_cov_smooth.csv',delimiter=',')\n",
    "\n",
    "    if rwtnameoverride is not None:\n",
    "        rwt_sys_m = np.loadtxt('CovMatrices/RwghtSys/frac_covar_rewgt_'+rwtnameoverride+'__'+varName+'.txt')\n",
    "    else:\n",
    "        if varName=='sigprob': varName='sigprobavg'\n",
    "        rwt_sys_m = np.loadtxt('CovMatrices/RwghtSys/frac_covar_rewgt_'+cutmodedir+'__'+varName+'.txt')\n",
    "        \n",
    "\n",
    "    rwt_sys_m = np.where(np.isnan(rwt_sys_m),0,rwt_sys_m)\n",
    "    det_sys_m = np.where(np.isnan(det_sys_m),0,det_sys_m)\n",
    "    return rwt_sys_m,det_sys_m\n",
    "\n",
    "def getDetSysTot(det_sys_nue,nue,numu):\n",
    "    print(det_sys_nue)\n",
    "    det_sys_numu = np.diag(0.04*np.ones(det_sys_nue.shape[0]))\n",
    "    print(det_sys_numu)\n",
    "    print(nue)\n",
    "    print(numu)\n",
    "    tot = nue+numu\n",
    "    return (det_sys_nue * np.outer(nue,nue) + det_sys_numu * np.outer(numu,numu))/np.outer(tot,tot)\n",
    "    \n",
    "\n",
    "def MakeBDTcut(idf,sigcut,mode,nBDTs,r2overlay=False,ttc=0.1):\n",
    "    \n",
    "    # Conglemerate BDT scores and weights based on strategy \n",
    "    \n",
    "    bdtweight = np.zeros(idf.shape[0])\n",
    "    sigprobmax = np.zeros(idf.shape[0]) \n",
    "    sigprobavg = np.zeros(idf.shape[0])\n",
    "    sigprobmedian = np.zeros(idf.shape[0])\n",
    "    sigproblist = np.zeros((idf.shape[0],nBDTs))\n",
    "    notintrain = np.zeros((idf.shape[0],nBDTs),dtype=bool)\n",
    "    numnottrain = np.zeros(idf.shape[0])\n",
    "    for b in range(nBDTs):\n",
    "        sp = idf['sigprob%i'%b]\n",
    "        tvw = idf['tvweight%i'%b]\n",
    "        sigprobmax = np.where(np.logical_and(tvw>0,sp>sigprobmax),sp,sigprobmax) # cut on the maximum non-train score in ensemble\n",
    "        if mode == 'fracweight': \n",
    "            #bdtweight += np.where(sp>sigcut,tvw/float(nBDTs),0)\n",
    "            bdtweight += np.where((tvw>ttc) & (sp>sigcut),1.0,0.0)\n",
    "        sigprobavg += np.where(tvw>ttc,sp,0)\n",
    "        numnottrain += np.where(tvw>ttc,1,0)\n",
    "        sigproblist[:,b] = sp\n",
    "        notintrain[:,b] = tvw > ttc\n",
    "    sigprobavg /= np.where(numnottrain>0,numnottrain,1)\n",
    "    for i,(tlist,siglist) in enumerate(zip(notintrain,sigproblist)):\n",
    "        splist = siglist[tlist]\n",
    "        if splist.size!=0: sigprobmedian[i] = np.median(splist)\n",
    "        else: sigprobmedian[i] = 0\n",
    "        \n",
    "    idf['sigprobavg'] = sigprobavg\n",
    "    idf['sigprobmedian'] = sigprobmedian\n",
    "    idf['sigprobmax'] = sigprobmax\n",
    "\n",
    "    \n",
    "    if mode == 'avgscore':\n",
    "        idf['sigprob'] = idf['sigprobavg']\n",
    "        bdtweight = np.where(sigprobavg>sigcut,1,0)\n",
    "    elif mode == 'medianscore':\n",
    "        idf['sigprob'] = idf['sigprobmedian']\n",
    "        bdtweight = np.where(sigprobmedian>sigcut,1,0)\n",
    "    elif mode == 'fracweight':\n",
    "        idf['sigprob'] = idf['sigprobmax']\n",
    "        bdtweight /= np.where(numnottrain>0,numnottrain,1)\n",
    "    \n",
    "    idf['bdtweight'] = bdtweight\n",
    "    \n",
    "    # Drop duplicates\n",
    "    \n",
    "    idf.sort_values(by=['run','subrun','event','sigprob'],ascending=False,inplace=True)\n",
    "    if r2overlay:\n",
    "        idf.drop_duplicates(subset=['run','subrun','event','EnuTrue'],inplace=True)\n",
    "    else:\n",
    "        idf.drop_duplicates(subset=['run','subrun','event'],inplace=True)\n",
    "    \n",
    "def SaveTextFile(idf,run,filetag,sigcut,mode,tsavedir):\n",
    "    nBDTs = int(idf['nBDTs'][0])\n",
    "    MakeBDTcut(idf,sigcut,mode,nBDTs)\n",
    "    idf.query('sigprob > @sigcut',inplace=True)\n",
    "    savestr = 'eventlist_%s_run%i.txt'%(filetag,run)\n",
    "    idf.to_csv(tsavedir+savestr,index=None,sep=' ')\n",
    "    \n",
    "    "
   ]
  },
  {
   "cell_type": "code",
   "execution_count": 20,
   "metadata": {},
   "outputs": [],
   "source": [
    "mu_cutoff = 0.46149198646840239\n",
    "\n",
    "def chi2_cnp(M,mu):\n",
    "    c2c=0\n",
    "    if mu>0:\n",
    "        if M != 0:\n",
    "            c2c = (M - mu)**2/(3 / (2 / mu + 1 / M))\n",
    "        else:\n",
    "            c2c = mu/2#(M - mu)**2/(3 / (2 / mu + 1 / mu))\n",
    "    return c2c\n",
    "\n",
    "def chi2_pois(M,mu):\n",
    "    c2c=0\n",
    "    if mu > 0:\n",
    "        if M != 0:\n",
    "            c2c = 2*(mu - M + M*np.log(M/mu))\n",
    "        else:\n",
    "            c2c = 2*mu\n",
    "    return c2c\n",
    "\n",
    "def chi2_pears(M,mu):\n",
    "    c2c=0\n",
    "    if mu > 0:\n",
    "        if M != 0:\n",
    "            c2c = (M-mu)**2 / mu\n",
    "        else:\n",
    "            c2c = 2*mu\n",
    "    return c2c\n",
    "\n",
    "def chi2_thresh(M,mu,mode='cnp'):\n",
    "    c2c=0\n",
    "    if mu > mu_cutoff and mode=='cnp':\n",
    "        c2c = chi2_cnp(M,mu)\n",
    "    elif mu > mu_cutoff and mode=='pearson':\n",
    "        c2c = chi2_pears(M,mu)\n",
    "    else:\n",
    "        c2c = chi2_pois(M,mu)\n",
    "    return c2c\n",
    "\n",
    "def cov_pois(M,mu):\n",
    "    cov=0\n",
    "    if mu > 0:\n",
    "        if M != 0:\n",
    "            cov = (M-mu)**2 / (2*(mu - M + M*np.log(M/mu)))\n",
    "        else:\n",
    "            cov = mu/2\n",
    "    return cov\n",
    "\n",
    "def cov_cnp(M,mu):\n",
    "    cov=0\n",
    "    if mu > 0:\n",
    "        if M != 0:\n",
    "            cov = (3 / (2 / mu + 1 / M))\n",
    "        else:\n",
    "            cov = mu/2\n",
    "    return cov\n",
    "\n",
    "def cov_pears(M,mu):\n",
    "    cov=0\n",
    "    if mu > 0:\n",
    "        cov = mu\n",
    "    return cov\n",
    "\n",
    "def cov_thresh(M,mu,mode='cnp'):\n",
    "    cov=0\n",
    "    if mu>mu_cutoff and mode=='cnp':\n",
    "        cov=cov_cnp(M,mu)\n",
    "    elif mu>mu_cutoff and mode=='pearson':\n",
    "        cov=cov_pears(M,mu)\n",
    "    else:\n",
    "        cov=cov_pois(M,mu)\n",
    "    return cov\n"
   ]
  },
  {
   "cell_type": "code",
   "execution_count": 21,
   "metadata": {
    "scrolled": false
   },
   "outputs": [
    {
     "name": "stdout",
     "output_type": "stream",
     "text": [
      "[[ 0.1378435   0.06243347  0.05324877  0.05016148  0.04012925  0.03318021\n",
      "   0.02613677  0.02350933  0.00703214 -0.02980322 -0.06010812 -0.06374192]\n",
      " [ 0.06243347  0.04020348  0.03370984  0.03160476  0.02770264  0.0206537\n",
      "   0.00852278  0.00441232  0.00885924 -0.00031219 -0.0161153  -0.02515946]\n",
      " [ 0.05324877  0.03370984  0.02938008  0.02778837  0.02464003  0.01889867\n",
      "   0.00788893  0.00262683  0.00513328 -0.00202218 -0.01446356 -0.02124438]\n",
      " [ 0.05016148  0.03160476  0.02778837  0.02755754  0.02459406  0.01825702\n",
      "   0.00659337  0.00180591  0.00500055 -0.00205971 -0.01486232 -0.02178745]\n",
      " [ 0.04012925  0.02770264  0.02464003  0.02459406  0.02274361  0.01673747\n",
      "   0.0046968  -0.00073159  0.00457674  0.00124987 -0.00877369 -0.01539683]\n",
      " [ 0.03318021  0.0206537   0.01889867  0.01825702  0.01673747  0.0136923\n",
      "   0.0057267   0.00032592  0.00149247 -0.00157937 -0.00883364 -0.01331268]\n",
      " [ 0.02613677  0.00852278  0.00788893  0.00659337  0.0046968   0.0057267\n",
      "   0.00750856  0.00625193 -0.00129461 -0.00916802 -0.01330992 -0.01226247]\n",
      " [ 0.02350933  0.00441232  0.00262683  0.00180591 -0.00073159  0.00032592\n",
      "   0.00625193  0.0102385   0.00207975 -0.00904806 -0.01423972 -0.01297416]\n",
      " [ 0.00703214  0.00885924  0.00513328  0.00500055  0.00457674  0.00149247\n",
      "  -0.00129461  0.00207975  0.01229282  0.01542596  0.01077167  0.00078905]\n",
      " [-0.02980322 -0.00031219 -0.00202218 -0.00205971  0.00124987 -0.00157937\n",
      "  -0.00916802 -0.00904806  0.01542596  0.03893139  0.04246047  0.023985  ]\n",
      " [-0.06010812 -0.0161153  -0.01446356 -0.01486232 -0.00877369 -0.00883364\n",
      "  -0.01330992 -0.01423972  0.01077167  0.04246047  0.05711836  0.04489278]\n",
      " [-0.06374192 -0.02515946 -0.02124438 -0.02178745 -0.01539683 -0.01331268\n",
      "  -0.01226247 -0.01297416  0.00078905  0.023985    0.04489278  0.04987306]]\n",
      "[[0.04 0.   0.   0.   0.   0.   0.   0.   0.   0.   0.   0.  ]\n",
      " [0.   0.04 0.   0.   0.   0.   0.   0.   0.   0.   0.   0.  ]\n",
      " [0.   0.   0.04 0.   0.   0.   0.   0.   0.   0.   0.   0.  ]\n",
      " [0.   0.   0.   0.04 0.   0.   0.   0.   0.   0.   0.   0.  ]\n",
      " [0.   0.   0.   0.   0.04 0.   0.   0.   0.   0.   0.   0.  ]\n",
      " [0.   0.   0.   0.   0.   0.04 0.   0.   0.   0.   0.   0.  ]\n",
      " [0.   0.   0.   0.   0.   0.   0.04 0.   0.   0.   0.   0.  ]\n",
      " [0.   0.   0.   0.   0.   0.   0.   0.04 0.   0.   0.   0.  ]\n",
      " [0.   0.   0.   0.   0.   0.   0.   0.   0.04 0.   0.   0.  ]\n",
      " [0.   0.   0.   0.   0.   0.   0.   0.   0.   0.04 0.   0.  ]\n",
      " [0.   0.   0.   0.   0.   0.   0.   0.   0.   0.   0.04 0.  ]\n",
      " [0.   0.   0.   0.   0.   0.   0.   0.   0.   0.   0.   0.04]]\n",
      "[0.         0.         0.68131353 1.27958465 1.44921396 1.64021199\n",
      " 1.47726104 1.32209791 1.05893055 1.08678834 0.91234582 0.79882397]\n",
      "[0.         0.         3.32158457 2.7556624  1.16944976 0.41639826\n",
      " 0.53573739 0.10769056 0.36820324 0.09512453 1.2753905  0.57872463]\n",
      "[[        nan         nan         nan         nan         nan         nan\n",
      "          nan         nan         nan         nan         nan         nan]\n",
      " [        nan         nan         nan         nan         nan         nan\n",
      "          nan         nan         nan         nan         nan         nan]\n",
      " [        nan         nan  0.02839352  0.0014998   0.00232095  0.00256538\n",
      "   0.00098538  0.00041342  0.00064829 -0.00031648 -0.00102663 -0.00209682]\n",
      " [        nan         nan  0.0014998   0.021425    0.00431601  0.00461718\n",
      "   0.00153433  0.00052952  0.00117657 -0.00060057 -0.0019654  -0.00400635]\n",
      " [        nan         nan  0.00232095  0.00431601  0.01494314  0.00738738\n",
      "   0.00190752 -0.00037438  0.00187937  0.00063603 -0.00202488 -0.00494115]\n",
      " [        nan         nan  0.00256538  0.00461718  0.00738738  0.01034881\n",
      "   0.00335171  0.00024035  0.00088319 -0.00115822 -0.002938   -0.00615684]\n",
      " [        nan         nan  0.00098538  0.00153433  0.00190752  0.00335171\n",
      "   0.00687695  0.00424248 -0.00070495 -0.00618656 -0.00407337 -0.00521838]\n",
      " [        nan         nan  0.00041342  0.00052952 -0.00037438  0.00024035\n",
      "   0.00424248  0.00898119  0.00142694 -0.00769319 -0.00549108 -0.00695689]\n",
      " [        nan         nan  0.00064829  0.00117657  0.00187937  0.00088319\n",
      "  -0.00070495  0.00142694  0.00943055  0.01052481  0.00333311  0.00033951]\n",
      " [        nan         nan -0.00031648 -0.00060057  0.00063603 -0.00115822\n",
      "  -0.00618656 -0.00769319  0.01052481  0.033176    0.01628204  0.0127892 ]\n",
      " [        nan         nan -0.00102663 -0.0019654  -0.00202488 -0.002938\n",
      "  -0.00407337 -0.00549108  0.00333311  0.01628204  0.02352784  0.01085638]\n",
      " [        nan         nan -0.00209682 -0.00400635 -0.00494115 -0.00615684\n",
      "  -0.00521838 -0.00695689  0.00033951  0.0127892   0.01085638  0.02383058]]\n",
      "[[ 0.00000000e+00  0.00000000e+00  0.00000000e+00  0.00000000e+00\n",
      "   0.00000000e+00  0.00000000e+00  0.00000000e+00  0.00000000e+00\n",
      "   0.00000000e+00  0.00000000e+00  0.00000000e+00  0.00000000e+00]\n",
      " [ 0.00000000e+00  1.67752839e-01  2.80816579e-02  3.46666910e-02\n",
      "   2.52479452e-02  1.87073961e-02  3.91425323e-02  2.29018602e-02\n",
      "   9.27512033e-03  3.00000294e-02  7.59612391e-03 -6.16370002e-04]\n",
      " [ 0.00000000e+00  2.80816579e-02  8.19488482e-02  4.40255281e-02\n",
      "   4.23977636e-02  2.79038291e-02  4.73895133e-02  2.97511954e-02\n",
      "   2.15091324e-02  2.97239584e-02  8.86910310e-02  1.72026957e-02]\n",
      " [ 0.00000000e+00  3.46666910e-02  4.40255281e-02  6.32944946e-02\n",
      "   3.62198570e-02  3.16242661e-02  3.31674908e-02  2.35926090e-02\n",
      "   2.24270396e-02  1.56015689e-02  6.27516581e-02  1.40393815e-02]\n",
      " [ 0.00000000e+00  2.52479452e-02  4.23977636e-02  3.62198570e-02\n",
      "   3.60600313e-02  2.45052842e-02  3.42521454e-02  2.55815655e-02\n",
      "   2.09053706e-02  2.52033881e-02  2.92632803e-02  1.39167303e-02]\n",
      " [ 0.00000000e+00  1.87073961e-02  2.79038291e-02  3.16242661e-02\n",
      "   2.45052842e-02  3.68842107e-02  3.32615137e-02  2.47940767e-02\n",
      "   1.89800420e-02  2.77430652e-02  3.57212906e-02  1.55743646e-02]\n",
      " [ 0.00000000e+00  3.91425323e-02  4.73895133e-02  3.31674908e-02\n",
      "   3.42521454e-02  3.32615137e-02  6.06910869e-02  3.10353745e-02\n",
      "   2.04273275e-02  4.00256082e-02  7.73913220e-02  2.00445803e-02]\n",
      " [ 0.00000000e+00  2.29018602e-02  2.97511954e-02  2.35926090e-02\n",
      "   2.55815655e-02  2.47940767e-02  3.10353745e-02  2.97604406e-02\n",
      "   2.00862332e-02  3.29092664e-02  4.40370905e-02  1.39097115e-02]\n",
      " [ 0.00000000e+00  9.27512033e-03  2.15091324e-02  2.24270396e-02\n",
      "   2.09053706e-02  1.89800420e-02  2.04273275e-02  2.00862332e-02\n",
      "   2.60688312e-02  1.84108155e-02  2.26043790e-02  1.41905069e-02]\n",
      " [ 0.00000000e+00  3.00000294e-02  2.97239584e-02  1.56015689e-02\n",
      "   2.52033881e-02  2.77430652e-02  4.00256082e-02  3.29092664e-02\n",
      "   1.84108155e-02  4.86055631e-02  4.72586348e-02  2.36467039e-02]\n",
      " [ 0.00000000e+00  7.59612391e-03  8.86910310e-02  6.27516581e-02\n",
      "   2.92632803e-02  3.57212906e-02  7.73913220e-02  4.40370905e-02\n",
      "   2.26043790e-02  4.72586348e-02  6.85079271e-01  2.84518170e-02]\n",
      " [ 0.00000000e+00 -6.16370002e-04  1.72026957e-02  1.40393815e-02\n",
      "   1.39167303e-02  1.55743646e-02  2.00445803e-02  1.39097115e-02\n",
      "   1.41905069e-02  2.36467039e-02  2.84518170e-02  7.82927377e-02]]\n"
     ]
    },
    {
     "name": "stderr",
     "output_type": "stream",
     "text": [
      "/home/nwkamp/.local/lib/python2.7/site-packages/ipykernel_launcher.py:33: RuntimeWarning: invalid value encountered in divide\n",
      "/home/nwkamp/.local/lib/python2.7/site-packages/ipykernel_launcher.py:518: RuntimeWarning: invalid value encountered in divide\n",
      "/home/nwkamp/.local/lib/python2.7/site-packages/ipykernel_launcher.py:568: RuntimeWarning: invalid value encountered in double_scalars\n"
     ]
    },
    {
     "data": {
      "text/plain": [
       "<Figure size 432x288 with 0 Axes>"
      ]
     },
     "metadata": {},
     "output_type": "display_data"
    },
    {
     "data": {
