0.1341431254983839 -0.046854112229344456 -0.7303581922630175 -0.22672046133925972 0.035215147658782905 0.10887441174432642 0.1276303821365233 0.13243095207263453 0.13368476850501626 0.13401856807595944 0.13410885902749933 0.1341336021939754 
-0.046854112229344456 0.2896620944897721 1.029206706178108 0.39068547881096216 0.07442539835505274 -0.015474648483296882 -0.03866715272349263 -0.04467625084937218 -0.04626413003972105 -0.046691791683024494 -0.04680886072302308 -0.04684135173439496 
-0.7303581922630175 1.029206706178108 7.363590013338318 2.6320209507527177 0.19158592203188488 -0.49458287224353226 -0.6694788783942197 -0.7143157079357103 -0.7260512668277684 -0.7291838258890936 -0.7300338331884736 -0.7302676295258821 
-0.22672046133925972 0.39068547881096216 2.6320209507527177 0.9777502402073748 0.10590994365191927 -0.14118689207135254 -0.20452824149535861 -0.22084651004551956 -0.22513682139481025 -0.22628687641991893 -0.22660021650986895 -0.22668674987520307 
0.035215147658782905 0.07442539835505274 0.19158592203188488 0.10590994365191927 0.05564837362076725 0.040669626361395476 0.036679353963316653 0.035615411328363406 0.03532650315971557 0.035246602230477445 0.03522415036606653 0.035217754443691844 
0.10887441174432642 -0.015474648483296882 -0.49458287224353226 -0.14118689207135254 0.040669626361395476 0.09152995796187587 0.10442293359978316 0.10770905225523521 0.10856377736018913 0.10879037513073704 0.10885140258322146 0.10886804980083242 
0.1276303821365233 -0.03866715272349263 -0.6694788783942197 -0.20452824149535861 0.036679353963316653 0.10442293359978316 0.12165474188590358 0.1260609294598957 0.12721064504647517 0.12751643593848783 0.12759906866298296 0.12762168958390113 
0.13243095207263453 -0.04467625084937218 -0.7143157079357103 -0.22084651004551956 0.035615411328363406 0.10770905225523521 0.1260609294598957 0.13075676534945477 0.13198289127319557 0.13230922845318002 0.13239747561326 0.13242165142936108 
0.13368476850501626 -0.04626413003972105 -0.7260512668277684 -0.22513682139481025 0.03532650315971557 0.10856377736018913 0.12721064504647517 0.13198289127319557 0.13322920701488455 0.13356098184133225 0.13365071730451353 0.13367530599202823 
0.13401856807595944 -0.046691791683024494 -0.7291838258890936 -0.22628687641991893 0.035246602230477445 0.10879037513073704 0.12751643593848783 0.13230922845318002 0.13356098184133225 0.1338942235550517 0.13398436118382537 0.13400906163122783 
0.13410885902749933 -0.04680886072302308 -0.7300338331884736 -0.22660021650986895 0.03522415036606653 0.10885140258322146 0.12759906866298296 0.13239747561326 0.13365071730451353 0.13398436118382537 0.1340746092638244 0.13409934046139071 
0.1341336021939754 -0.04684135173439496 -0.7302676295258821 -0.22668674987520307 0.035217754443691844 0.10886804980083242 0.12762168958390113 0.13242165142936108 0.13367530599202823 0.13400906163122783 0.13409934046139071 0.13412408023657557 
