0.09136995229279705 -0.008397761668493145 -0.005444256652279609 -0.005092993293650964 0.0019953422058434345 0.025372603711418407 0.05936601869509143 0.08064101185090589 0.08829879801530838 0.09052445118180981 0.09113757590192124 0.09130562195844345 
-0.008397761668493145 0.10677167220269664 -0.002494075508196284 0.0004461276473714857 0.006399280621338852 0.007060197562853966 0.0011354944566917878 -0.004562705465826866 -0.007127505663912647 -0.008002981318369483 -0.008277420776062716 -0.008361293361489004 
-0.005444256652279609 -0.002494075508196284 0.032590169673029745 0.018110972732780665 0.006295684977025462 -0.0031547778082265648 -0.0071513662086564525 -0.006890966890427613 -0.006092426430600771 -0.005683537482402728 -0.005525965731182194 -0.005471129190800348 
-0.005092993293650964 0.0004461276473714857 0.018110972732780665 0.015565227671620743 0.011655076936211813 0.00566715945756775 -0.0006127274965262705 -0.003828946623820701 -0.004797406425901999 -0.005029537470334804 -0.0050804390680037345 -0.005090871488205145 
0.0019953422058434345 0.006399280621338852 0.006295684977025462 0.011655076936211813 0.014036269184520398 0.012766650074003742 0.008032111828189095 0.004266158121661416 0.0027098385230736426 0.0022083246737289717 0.0020580074065006913 0.002013752667834972 
0.025372603711418407 0.007060197562853966 -0.0031547778082265648 0.00566715945756775 0.012766650074003742 0.019623102622668552 0.024164777146112953 0.0254609783038014 0.025530559269180242 0.025450689614070186 0.025403151352353034 0.025383484898450225 
0.05936601869509143 0.0011354944566917878 -0.0071513662086564525 -0.0006127274965262705 0.008032111828189095 0.024164777146112953 0.043511341614667534 0.0544349484713389 0.058059088919224254 0.059033848100808875 0.059282076651517746 0.05934476708152556 
0.08064101185090589 -0.004562705465826866 -0.006890966890427613 -0.003828946623820701 0.004266158121661416 0.0254609783038014 0.0544349484713389 0.07203193074464616 0.07822512362198704 0.07998883612542733 0.08046524098406602 0.08059329897031285 
0.08829879801530838 -0.007127505663912647 -0.006092426430600771 -0.004797406425901999 0.0027098385230736426 0.025530559269180242 0.058059088919224254 0.07822512362198704 0.08543292093023265 0.0875145748833188 0.08808455322858844 0.08823984170974956 
0.09052445118180981 -0.008002981318369483 -0.005683537482402728 -0.005029537470334804 0.0022083246737289717 0.025450689614070186 0.059033848100808875 0.07998883612542733 0.0875145748833188 0.0896974302921217 0.0902975930329886 0.09046177001288906 
0.09113757590192124 -0.008277420776062716 -0.005525965731182194 -0.0050804390680037345 0.0020580074065006913 0.025403151352353034 0.059282076651517746 0.08046524098406602 0.08808455322858844 0.0902975930329886 0.09090686070681786 0.09107374569530066 
0.09130562195844345 -0.008361293361489004 -0.005471129190800348 -0.005090871488205145 0.002013752667834972 0.025383484898450225 0.05934476708152556 0.08059329897031285 0.08823984170974956 0.09046177001288906 0.09107374569530066 0.09124144320077397 
