0.09712629106748154 -0.014422924665944555 -0.007153742336849949 -0.009622605610688109 -0.004903262049222881 0.016272573168818683 0.053053425554255816 0.08074984122847663 0.09211396773817565 0.09567814277767807 0.09671145762494297 0.09700688711808553 
-0.014422924665944555 0.0748027715552081 0.004757189337694757 0.0028052160248239768 0.004058154419491955 0.0019284635913770622 -0.00462175407007411 -0.010466028319604078 -0.01311945873049192 -0.014020701491355302 -0.014300653368139104 -0.01438578432998493 
-0.007153742336849949 0.004757189337694757 0.02196224607740412 0.014242026160222047 0.007021318375017196 -0.00025636290677549193 -0.005593833806145696 -0.007349297339392917 -0.007440618289105091 -0.00729979533580523 -0.007213098348877475 -0.0071757285668379005 
-0.009622605610688109 0.0028052160248239768 0.014242026160222047 0.013754806526062362 0.011284839228603119 0.005857330085139155 -0.0017658039071834293 -0.006917583686108333 -0.008860224180880382 -0.009421332907798003 -0.009570422599430046 -0.009609173560013057 
-0.004903262049222881 0.004058154419491955 0.007021318375017196 0.011284839228603119 0.012776446840865008 0.010527515727980413 0.00419898949028581 -0.0012873110799762266 -0.0037309210189595296 -0.004547093800946519 -0.00479661647762847 -0.0048713365410972456 
0.016272573168818683 0.0019284635913770622 -0.00025636290677549193 0.005857330085139155 0.010527515727980413 0.01455681117247427 0.01676151955031917 0.016951345160191065 0.01662445522214722 0.016413915760697523 0.01632393867133302 0.016290363272922617 
0.053053425554255816 -0.00462175407007411 -0.005593833806145696 -0.0017658039071834293 0.00419898949028581 0.01676151955031917 0.034501140826045974 0.04659396887232993 0.05120365318561311 0.05255441311120165 0.05292029470491876 0.05301784702411215 
0.08074984122847663 -0.010466028319604078 -0.007349297339392917 -0.006917583686108333 -0.0012873110799762266 0.016951345160191065 0.04659396887232993 0.06827889443055696 0.07699801858920043 0.07968413725261493 0.08044965900993224 0.08066487142094211 
0.09211396773817565 -0.01311945873049192 -0.007440618289105091 -0.008860224180880382 -0.0037309210189595296 0.01662445522214722 0.05120365318561311 0.07699801858920043 0.0875128136494153 0.09079176762734899 0.09173722111017174 0.09200609431068778 
0.09567814277767807 -0.014020701491355302 -0.00729979533580523 -0.009421332907798003 -0.004547093800946519 0.016413915760697523 0.05255441311120165 0.07968413725261493 0.09079176762734899 0.09426890420181441 0.09527516640700774 0.095562353724498 
0.09671145762494297 -0.014300653368139104 -0.007213098348877475 -0.009570422599430046 -0.00479661647762847 0.01632393867133302 0.05292029470491876 0.08044965900993224 0.09173722111017174 0.09527516640700774 0.09630026242449721 0.09659316983945487 
0.09700688711808553 -0.01438578432998493 -0.0071757285668379005 -0.009609173560013057 -0.0048713365410972456 0.016290363272922617 0.05301784702411215 0.08066487142094211 0.09200609431068778 0.095562353724498 0.09659316983945487 0.09688782753499964 
