0.1636744661801483 -0.13389492297755023 -0.00444182071962291 -0.01180124703958865 -0.005149816761672658 0.040694238520399245 0.10740851290191503 0.14559184241102452 0.15857460054575076 0.1622739711741805 0.16328874893057108 0.16356719600636416 
-0.13389492297755023 0.9186371308943257 -0.027085505253270598 -0.01113663877995751 0.02047295273256398 0.0021843396165374053 -0.06184120054959046 -0.10780776831177415 -0.12575162704931403 -0.1314502052156069 -0.1331655689141402 -0.13367679781362243 
-0.00444182071962291 -0.027085505253270598 0.03933046549175154 0.024348519047418672 0.010413131263391082 -0.0009794785592210583 -0.005703435152594023 -0.005649066229328176 -0.004986346848619245 -0.004643210947608072 -0.004510790317888463 -0.004464612568965907 
-0.01180124703958865 -0.01113663877995751 0.024348519047418672 0.02305945834297997 0.01763230468632631 0.006953741160701782 -0.004366296219990423 -0.00976473775589124 -0.011324167166514406 -0.011696740353969377 -0.011779788550081284 -0.011797337345975795 
-0.005149816761672658 0.02047295273256398 0.010413131263391082 0.01763230468632631 0.020317360844379698 0.015091588403840863 0.004643926993360464 -0.0018866399970370405 -0.004208708874712428 -0.004888179823747146 -0.005077425015059654 -0.0051297146093710055 
0.040694238520399245 0.0021843396165374053 -0.0009794785592210583 0.006953741160701782 0.015091588403840863 0.02580890742889489 0.0352815938449178 0.03933195596198272 0.04040186736898986 0.040636282147069866 0.04068385087351042 0.040692781796647114 
0.10740851290191503 -0.06184120054959046 -0.005703435152594023 -0.004366296219990423 0.004643926993360464 0.0352815938449178 0.07546715346065232 0.09744220614448601 0.10467402327352907 0.10667704846854063 0.10721214383267058 0.10735526613935381 
0.14559184241102452 -0.10780776831177415 -0.005649066229328176 -0.00976473775589124 -0.0018866399970370405 0.03933195596198272 0.09744220614448601 0.13025321583780444 0.14130147601175522 0.1444229729669032 0.14527241551735062 0.14550369252035697 
0.15857460054575076 -0.12575162704931403 -0.004986346848619245 -0.011324167166514406 -0.004208708874712428 0.04040186736898986 0.10467402327352907 0.14130147601175522 0.1537162721693801 0.1572439700889421 0.1582090884546744 0.1584732177453823 
0.1622739711741805 -0.1314502052156069 -0.004643210947608072 -0.011696740353969377 -0.004888179823747146 0.040636282147069866 0.10667704846854063 0.1444229729669032 0.1572439700889421 0.16089389426974118 0.1618942180472384 0.16216845567666271 
0.16328874893057108 -0.1331655689141402 -0.004510790317888463 -0.011779788550081284 -0.005077425015059654 0.04068385087351042 0.10721214383267058 0.14527241551735062 0.1582090884546744 0.1618942180472384 0.16290479055932064 0.16318200102803324 
0.16356719600636416 -0.13367679781362243 -0.004464612568965907 -0.011797337345975795 -0.0051297146093710055 0.040692781796647114 0.10735526613935381 0.14550369252035697 0.1584732177453823 0.16216845567666271 0.16318200102803324 0.1634600822921909 
