2.2705451617168193 -0.7380101068858486 -0.101376823081141 -0.15784074159803102 -0.14677073388731687 0.12159008477176056 0.8665086976362507 1.689933075580963 2.094206220678493 2.2224162225628894 2.257681964529201 2.2670971367871813 
-0.7380101068858486 1.0307584450462273 -0.0013894933365288379 0.025018695779369302 0.05855989788264064 0.0023430207847013286 -0.2335906102154326 -0.5208298077850625 -0.6693994953690792 -0.7185425743493291 -0.7326030322346604 -0.7365042549866034 
-0.101376823081141 -0.0013894933365288379 0.05477415134832432 0.04130876995896127 0.025970074155528072 0.0010500239534539037 -0.04066938234852963 -0.0786157406659563 -0.09512977394893005 -0.09984553213706125 -0.10101278668915234 -0.10129122528644983 
-0.15784074159803102 0.025018695779369302 0.04130876995896127 0.042248253541559665 0.03587175086472792 0.010069757553691591 -0.050703859380707386 -0.11453425743857758 -0.14497877260721817 -0.1544077757461532 -0.15694377386095462 -0.1576058369281479 
-0.14677073388731687 0.05855989788264064 0.025970074155528072 0.03587175086472792 0.038202148834452776 0.019833171679108655 -0.036687443505036985 -0.10078361019371607 -0.13267122326586664 -0.14288762960265847 -0.14572379479851535 -0.1464876811327458 
0.12159008477176056 0.0023430207847013286 0.0010500239534539037 0.010069757553691591 0.019833171679108655 0.03808868310618272 0.07120691395075107 0.10239670937161578 0.11624651537287391 0.12026308849552506 0.12127070980805991 0.12151405685998419 
0.8665086976362507 -0.2335906102154326 -0.04066938234852963 -0.050703859380707386 -0.036687443505036985 0.07120691395075107 0.35157066324064207 0.6554431340129325 0.8029703314561548 0.8493219592956428 0.8619574093805817 0.8653002693558074 
1.689933075580963 -0.5208298077850625 -0.0786157406659563 -0.11453425743857758 -0.10078361019371607 0.10239670937161578 0.6554431340129325 1.2632567373869426 1.5606870388418326 1.6547520403031775 1.6805563684795888 1.6874267990674483 
2.094206220678493 -0.6693994953690792 -0.09512977394893005 -0.14497877260721817 -0.13267122326586664 0.11624651537287391 0.8029703314561548 1.5606870388418326 1.9323077892434026 2.0500572511523725 2.0824174256459416 2.0910491717122706 
2.2224162225628894 -0.7185425743493291 -0.09984553213706125 -0.1544077757461532 -0.14288762960265847 0.12026308849552506 0.8493219592956428 1.6547520403031775 2.0500572511523725 2.1753870029656435 2.2098506893959695 2.219049037397304 
2.257681964529201 -0.7326030322346604 -0.10101278668915234 -0.15694377386095462 -0.14572379479851535 0.12127070980805991 0.8619574093805817 1.6805563684795888 2.0824174256459416 2.2098506893959695 2.2448995625880683 2.2542559462713556 
2.2670971367871813 -0.7365042549866034 -0.10129122528644983 -0.1576058369281479 -0.1464876811327458 0.12151405685998419 0.8653002693558074 1.6874267990674483 2.0910491717122706 2.219049037397304 2.2542559462713556 2.263655124278968 
