0.0760742000280516 -0.01581769893610806 -0.004714919793951201 -0.007332892493114373 -0.0025824357071061077 0.018575840833502003 0.04900170741342867 0.06714905105736824 0.0735213125714742 0.07536729935736906 0.07587837953588668 0.07601951332293799 
-0.01581769893610806 0.10185742555347851 0.0017610337230522864 0.003862339763409715 0.008132648230752604 0.0052396990780135995 -0.004420604383741652 -0.011624449992295203 -0.014506822210719913 -0.015427131343229384 -0.01570270110440662 -0.015783901565896714 
-0.004714919793951201 0.0017610337230522864 0.02901266040703902 0.018670014386518507 0.009255553773351376 0.0005451397848106055 -0.0043284393918209246 -0.005217331947798668 -0.00502500620645178 -0.004843678397868784 -0.004761725164608513 -0.004730922391424855 
-0.007332892493114373 0.003862339763409715 0.018670014386518507 0.017858428776833267 0.01456486311348689 0.007493122433646726 -0.0008516538395220788 -0.005346609304771264 -0.006804528281179086 -0.00719687559711512 -0.007297900906103401 -0.0073238336402764075 
-0.0025824357071061077 0.008132648230752604 0.009255553773351376 0.01456486311348689 0.016314297293441964 0.01289047768556975 0.005419897130981548 0.00027729858247447917 -0.001704588080169868 -0.002323621362675062 -0.0025065911120385766 -0.0025601500259294207 
0.018575840833502003 0.0052396990780135995 0.0005451397848106055 0.007493122433646726 0.01289047768556975 0.017375191593809177 0.019291988991998372 0.019208892504966216 0.01886453675615682 0.018684192105256653 0.018613388562272667 0.018588345410717036 
0.04900170741342867 -0.004420604383741652 -0.0043284393918209246 -0.0008516538395220788 0.005419897130981548 0.019291988991998372 0.03595059319981728 0.044991142094246914 0.047934205108592136 0.04872726465505505 0.04893132488669122 0.04898357261636078 
0.06714905105736824 -0.011624449992295203 -0.005217331947798668 -0.005346609304771264 0.00027729858247447917 0.019208892504966216 0.044991142094246914 0.059973991059942514 0.06513238121780617 0.06660014943790712 0.0669995520882616 0.06710799290679124 
0.0735213125714742 -0.014506822210719913 -0.00502500620645178 -0.006804528281179086 -0.001704588080169868 0.01886453675615682 0.047934205108592136 0.06513238121780617 0.0711346430879414 0.07286388844648987 0.07334012851415524 0.07347096707329871 
0.07536729935736906 -0.015427131343229384 -0.004843678397868784 -0.00719687559711512 -0.002323621362675062 0.018684192105256653 0.04872726465505505 0.06660014943790712 0.07286388844648987 0.07467525614726439 0.07517590840973819 0.07531393565569192 
0.07587837953588668 -0.01570270110440662 -0.004761725164608513 -0.007297900906103401 -0.0025065911120385766 0.018613388562272667 0.04893132488669122 0.0669995520882616 0.07334012851415524 0.07517590840973819 0.07568388874181917 0.07582409242715599 
0.07601951332293799 -0.015783901565896714 -0.004730922391424855 -0.0073238336402764075 -0.0025601500259294207 0.018588345410717036 0.04898357261636078 0.06710799290679124 0.07347096707329871 0.07531393565569192 0.07582409242715599 0.07596494736474649 
