1.4701689441410413 -0.3701364781554845 -0.0021647941401153697 0.0018527317980823058 -0.03214860498250384 -0.049828045131817614 -0.031106157896833138 0.05933112657778716 0.26699903490492155 0.5922554507050789 0.9377317972033233 1.193473972562781 
-0.3701364781554845 0.3850631156979485 0.025814427103681394 -0.00989670248621604 -0.0016225880041499197 0.008432303620936924 0.010191785615363155 -0.006599073714663256 -0.054864458326391266 -0.13624402488155227 -0.2259466196475504 -0.2940043446801489 
-0.0021647941401153697 0.025814427103681394 0.009079210787365323 0.003030198853350433 0.0010556863281937405 0.00010406015728712781 -0.0006215022155422924 -0.0012974279176591005 -0.0019005138865956703 -0.0023110994047312794 -0.0024561757310590532 -0.0024202519987697583 
0.0018527317980823058 -0.00989670248621604 0.003030198853350433 0.003314949162266664 0.002071675676975445 0.0008629304363144981 -0.00019435313301561504 -0.001006512964368172 -0.0013455960461781424 -0.0010146603203378811 -0.00019897091539503733 0.0006298861471825885 
-0.03214860498250384 -0.0016225880041499197 0.0010556863281937405 0.002071675676975445 0.002423058354852464 0.002243451458459621 0.001265114681616396 -0.0012448817138882445 -0.0062034406609723855 -0.013508363306243453 -0.02101594973553936 -0.02645018730529921 
-0.049828045131817614 0.008432303620936924 0.00010406015728712781 0.0008629304363144981 0.002243451458459621 0.0028933974384787076 0.002241134498550189 -0.0009100177631291671 -0.008128333728965853 -0.019417254573815504 -0.03139581986354684 -0.040255689216809984 
-0.031106157896833138 0.010191785615363155 -0.0006215022155422924 -0.00019435313301561504 0.001265114681616396 0.002241134498550189 0.0023334409706915285 0.0007533854597259504 -0.00358525779871865 -0.010779544853213776 -0.018635073513313324 -0.024553615848419606 
0.05933112657778716 -0.006599073714663256 -0.0012974279176591005 -0.001006512964368172 -0.0012448817138882445 -0.0009100177631291671 0.0007533854597259504 0.005092636550726304 0.013739924376410754 0.02653464335305868 0.03971815994073138 0.04927855695698741 
0.26699903490492155 -0.054864458326391266 -0.0019005138865956703 -0.0013455960461781424 -0.0062034406609723855 -0.008128333728965853 -0.00358525779871865 0.013739924376410754 0.05186414781625371 0.11062525234131185 0.1725197502981398 0.2180819214377981 
0.5922554507050789 -0.13624402488155227 -0.0023110994047312794 -0.0010146603203378811 -0.013508363306243453 -0.019417254573815504 -0.010779544853213776 0.02653464335305868 0.11062525234131185 0.24141330446390485 0.3798275108409123 0.4820401959114148 
0.9377317972033233 -0.2259466196475504 -0.0024561757310590532 -0.00019897091539503733 -0.02101594973553936 -0.03139581986354684 -0.018635073513313324 0.03971815994073138 0.1725197502981398 0.3798275108409123 0.5996412611812003 0.7621706809592905 
1.193473972562781 -0.2940043446801489 -0.0024202519987697583 0.0006298861471825885 -0.02645018730529921 -0.040255689216809984 -0.024553615848419606 0.04927855695698741 0.2180819214377981 0.4820401959114148 0.7621706809592905 0.969421528022863 
