0.8728862800458905 -0.1941682865153771 0.0049658503806240565 -0.005022680290172785 -0.02797393432588652 -0.03803703493535703 -0.022040643613324428 0.04432919999778946 0.18747067218786265 0.3945385335715349 0.5953516165751549 0.7329907708222628 
-0.1941682865153771 0.33691829461316597 0.02650396288507841 -0.007306465394040875 -0.0017842173295093899 0.006530649336111324 0.009554193791572825 0.0003786165612116031 -0.028462804090228108 -0.07528331161078351 -0.12335898253377124 -0.15757557837156388 
0.0049658503806240565 0.02650396288507841 0.009467815938780877 0.003481414284239652 0.001195768344894132 2.4417261653022308e-05 -0.0006894692353698019 -0.0009146712540302127 -0.0003912663805941282 0.0009041643873437638 0.0024321517983333877 0.003603981792546739 
-0.005022680290172785 -0.007306465394040875 0.003481414284239652 0.0037798904456490447 0.0025206078087509033 0.0012365287115181276 -5.355057456526955e-05 -0.0014216336841085652 -0.0028159681197973616 -0.003989863796120925 -0.004701308040619937 -0.0049931292244714065 
-0.02797393432588652 -0.0017842173295093899 0.001195768344894132 0.0025206078087509033 0.002768049562999616 0.002468562145194982 0.0013526686932401972 -0.0013210017251393097 -0.0063129023602917144 -0.013112135949753736 -0.01949146727292879 -0.023765233673323918 
-0.03803703493535703 0.006530649336111324 2.4417261653022308e-05 0.0012365287115181276 0.002468562145194982 0.0029927068942750294 0.0023135461329672194 -0.00064707431434696 -0.007081695134111247 -0.01641645465486216 -0.025483049887476072 -0.031704010740213805 
-0.022040643613324428 0.009554193791572825 -0.0006894692353698019 -5.355057456526955e-05 0.0013526686932401972 0.0023135461329672194 0.0024835003121242154 0.0011747844393264304 -0.0024369008167982897 -0.008093348025105113 -0.013800466693800823 -0.017815293897778025 
0.04432919999778946 0.0003786165612116031 -0.0009146712540302127 -0.0014216336841085652 -0.0013210017251393097 -0.00064707431434696 0.0011747844393264304 0.005261702501915314 0.012706717670698989 0.022724858698884194 0.032053726301779786 0.03826745153425769 
0.18747067218786265 -0.028462804090228108 -0.0003912663805941282 -0.0028159681197973616 -0.0063129023602917144 -0.007081695134111247 -0.0024369008167982897 0.012706717670698989 0.04373321122888116 0.08771615062996058 0.12990636508639553 0.15860678712866577 
0.3945385335715349 -0.07528331161078351 0.0009041643873437638 -0.003989863796120925 -0.013112135949753736 -0.01641645465486216 -0.008093348025105113 0.022724858698884194 0.08771615062996058 0.18091761525754796 0.2708823143634667 0.3323471696681392 
0.5953516165751549 -0.12335898253377124 0.0024321517983333877 -0.004701308040619937 -0.01949146727292879 -0.025483049887476072 -0.013800466693800823 0.032053726301779786 0.12990636508639553 0.2708823143634667 0.40730031193085064 0.5006614571026742 
0.7329907708222628 -0.15757557837156388 0.003603981792546739 -0.0049931292244714065 -0.023765233673323918 -0.031704010740213805 -0.017815293897778025 0.03826745153425769 0.15860678712866577 0.3323471696681392 0.5006614571026742 0.6159415728927451 
