0.4086177814019564 -0.44556212643239834 -0.019497589633809185 0.01197582246748716 -0.014263846827299535 -0.03106001112392626 -0.02121099953045526 0.033971978655268985 0.13645019729424684 0.24808097112525498 0.3281062414454209 0.37175082514723456 
-0.44556212643239834 1.7802059568136792 0.06467464109548565 -0.03912837869652912 -0.009377751836760873 0.02418775678932818 0.031606044191797994 -0.013423114614076772 -0.11947486761932284 -0.24586336676553583 -0.34166077069248485 -0.3962783841046154 
-0.019497589633809185 0.06467464109548565 0.015259879988237546 0.0025333323853919624 0.001417947058575231 0.0016118791566433663 0.0008223218472084125 -0.002041370568504193 -0.007015512441848027 -0.012263020993043345 -0.015938604375699914 -0.017902033360076192 
0.01197582246748716 -0.03912837869652912 0.0025333323853919624 0.006374173735591848 0.0036781988086372437 0.0010430946090009608 -0.0005592767365611284 -0.00032130948135176735 0.0021687044363739587 0.00573105175326281 0.00863535901070075 0.01035897626285348 
-0.014263846827299535 -0.009377751836760873 0.001417947058575231 0.0036781988086372437 0.003832044208997807 0.0032011312906184224 0.001671769197375419 -0.0012359410212748607 -0.005355899602825912 -0.009305803392627869 -0.011912780557468484 -0.01324400995422313 
-0.03106001112392626 0.02418775678932818 0.0016118791566433663 0.0010430946090009608 0.0032011312906184224 0.004307815717587803 0.0032704932455777367 -0.0013255714416529393 -0.009579538394655996 -0.018452765209463363 -0.024765049235567698 -0.028188285760435895 
-0.02121099953045526 0.031606044191797994 0.0008223218472084125 -0.0005592767365611284 0.001671769197375419 0.0032704932455777367 0.003279890184556791 0.0005722275653529146 -0.005089832254793068 -0.011535202959585177 -0.016277411581930305 -0.018915291153424024 
0.033971978655268985 -0.013423114614076772 -0.002041370568504193 -0.00032130948135176735 -0.0012359410212748607 -0.0013255714416529393 0.0005722275653529146 0.005738232244352783 0.014060284607806112 0.022564990814441674 0.02841500078760404 0.031500571595868186 
0.13645019729424684 -0.11947486761932284 -0.007015512441848027 0.0021687044363739587 -0.005355899602825912 -0.009579538394655996 -0.005089832254793068 0.014060284607806112 0.04821242963858842 0.08478683728921016 0.11072719820070161 0.12475512193633281 
0.24808097112525498 -0.24586336676553583 -0.012263020993043345 0.00573105175326281 -0.009305803392627869 -0.018452765209463363 -0.011535202959585177 0.022564990814441674 0.08478683728921016 0.15206965908820547 0.20008062802416568 0.226168974887921 
0.3281062414454209 -0.34166077069248485 -0.015938604375699914 0.00863535901070075 -0.011912780557468484 -0.024765049235567698 -0.016277411581930305 0.02841500078760404 0.11072719820070161 0.20008062802416568 0.26399561504110325 0.2987928235150175 
0.37175082514723456 -0.3962783841046154 -0.017902033360076192 0.01035897626285348 -0.01324400995422313 -0.028188285760435895 -0.018915291153424024 0.031500571595868186 0.12475512193633281 0.226168974887921 0.2987928235150175 0.3383669483952213 
