0.4351633399442683 -0.30180882354229377 -0.00883447824594894 0.013150017978246453 -0.011204019253006174 -0.025965463181634004 -0.016639537885027963 0.034486407353181994 0.1339721213805661 0.25039510865529885 0.3397113382250183 0.39069850017540114 
-0.30180882354229377 1.5315162987251307 0.0717028946433414 -0.03401165605153977 -0.016576848072537963 0.009363656449487045 0.020866825060406817 0.0003144082653190404 -0.06257719367222984 -0.14750844184185724 -0.2181482872023722 -0.2609864805217996 
-0.00883447824594894 0.0717028946433414 0.01664135517801592 0.003844847038775329 0.0013801438106511147 0.0006649090175125751 -0.00011848940833780448 -0.001540488387537911 -0.003660121121746519 -0.005845501309955587 -0.007385665437120959 -0.008204500495143563 
0.013150017978246453 -0.03401165605153977 0.003844847038775329 0.006315720005505677 0.003522555178548144 0.0009385569775035323 -0.0006761817504220577 -0.000562834133027529 0.0018531779928229457 0.0056602391993556414 0.009010803633434677 0.011103286382079693 
-0.011204019253006174 -0.016576848072537963 0.0013801438106511147 0.003522555178548144 0.003328138742819268 0.00252567694762871 0.0011352315610469155 -0.00114840087013856 -0.0042596109410264265 -0.007296742094696031 -0.009357998887685869 -0.010420741930318235 
-0.025965463181634004 0.009363656449487045 0.0006649090175125751 0.0009385569775035323 0.00252567694762871 0.003248527760930936 0.0024307959493515986 -0.0009742188555385595 -0.007317120174488176 -0.014607067288070449 -0.020138720621800894 -0.02326993691308285 
-0.016639537885027963 0.020866825060406817 -0.00011848940833780448 -0.0006761817504220577 0.0011352315610469155 0.0024307959493515986 0.002617228509842358 0.0008890361391522998 -0.0031509296503512804 -0.00818508533827623 -0.012183868428751885 -0.014524833532063245 
0.034486407353181994 0.0003144082653190404 -0.001540488387537911 -0.000562834133027529 -0.00114840087013856 -0.0009742188555385595 0.0008890361391522998 0.005614442211815985 0.013433512032603803 0.021951306343673507 0.02819950370998301 0.031642724286262004 
0.1339721213805661 -0.06257719367222984 -0.003660121121746519 0.0018531779928229457 -0.0042596109410264265 -0.007317120174488176 -0.0031509296503512804 0.013433512032603803 0.04412213843264249 0.079300927281846 0.105953290322997 0.12102185636927731 
0.25039510865529885 -0.14750844184185724 -0.005845501309955587 0.0056602391993556414 -0.007296742094696031 -0.014607067288070449 -0.00818508533827623 0.021951306343673507 0.079300927281846 0.14580955635807058 0.1965543768911159 0.22540035834842362 
0.3397113382250183 -0.2181482872023722 -0.007385665437120959 0.009010803633434677 -0.009357998887685869 -0.020138720621800894 -0.012183868428751885 0.02819950370998301 0.105953290322997 0.1965543768911159 0.2658797582064977 0.30537493109862335 
0.39069850017540114 -0.2609864805217996 -0.008204500495143563 0.011103286382079693 -0.010420741930318235 -0.02326993691308285 -0.014524833532063245 0.031642724286262004 0.12102185636927731 0.22540035834842362 0.30537493109862335 0.35098419597537156 
