1.2826897192686237 -0.3277704511843114 0.0005834502798164686 0.0050470991434350765 -0.02305018394728575 -0.03868761884691282 -0.02461481641412212 0.04907382999089212 0.2222795884591048 0.4996211266716041 0.8013947873457181 1.029744991980621 
-0.3277704511843114 0.43163252354473647 0.026018506590145252 -0.012768394888206275 -0.004580482412261452 0.006624678695290043 0.01097680170232678 -0.0006969734286036901 -0.04033271581467339 -0.11094560844508942 -0.19177570906604682 -0.2549460590977129 
0.0005834502798164686 0.026018506590145252 0.009630845585174271 0.0037590677501339338 0.0018137065250373554 0.0008669730445314431 0.00017210353893636933 -0.00039705168270471843 -0.000755255838771515 -0.0007692332997261025 -0.0004727225885241755 -9.189685314566756e-05 
0.0050470991434350765 -0.012768394888206275 0.0037590677501339338 0.004014376745943621 0.0025496752378467453 0.00114904395438884 -3.032570433982557e-05 -0.0008227280223372305 -0.0008848591790154368 3.604110479770762e-05 0.0015930064031529035 0.0030423151331922436 
-0.02305018394728575 -0.004580482412261452 0.0018137065250373554 0.0025496752378467453 0.0024306204321231065 0.0019692690264342095 0.0009933393591694646 -0.0009975694516421807 -0.004620519456655864 -0.009817681798117409 -0.015141729640946937 -0.01900749444410287 
-0.03868761884691282 0.006624678695290043 0.0008669730445314431 0.00114904395438884 0.0019692690264342095 0.002329459920227365 0.0017594456563014506 -0.000647350839666422 -0.0060984777333850364 -0.01470372203681661 -0.023996544317002176 -0.03099221309544789 
-0.02461481641412212 0.01097680170232678 0.00017210353893636933 -3.032570433982557e-05 0.0009933393591694646 0.0017594456563014506 0.0018830123166821726 0.0007417903032335154 -0.002532883433280207 -0.008107674859833307 -0.014351209877097069 -0.019161204248807732 
0.04907382999089212 -0.0006969734286036901 -0.00039705168270471843 -0.0008227280223372305 -0.0009975694516421807 -0.000647350839666422 0.0007417903032335154 0.004227927332318037 0.011150799341004254 0.02151496334494862 0.03240009958290588 0.04044522909359355 
0.2222795884591048 -0.04033271581467339 -0.000755255838771515 -0.0008848591790154368 -0.004620519456655864 -0.0060984777333850364 -0.002532883433280207 0.011150799341004254 0.04163143194120504 0.08947775768312262 0.14101369043498926 0.1797522263944551 
0.4996211266716041 -0.11094560844508942 -0.0007692332997261025 3.604110479770762e-05 -0.009817681798117409 -0.01470372203681661 -0.008107674859833307 0.02151496334494862 0.08947775768312262 0.19734734580262508 0.3141950306268595 0.402353740593377 
0.8013947873457181 -0.19177570906604682 -0.0004727225885241755 0.0015930064031529035 -0.015141729640946937 -0.023996544317002176 -0.014351209877097069 0.03240009958290588 0.14101369043498926 0.3141950306268595 0.5022277992117574 0.6443102096607517 
1.029744991980621 -0.2549460590977129 -9.189685314566756e-05 0.0030423151331922436 -0.01900749444410287 -0.03099221309544789 -0.019161204248807732 0.04044522909359355 0.1797522263944551 0.402353740593377 0.6443102096607517 0.8272702954016938 
