2.2849723910283286 -0.561051204349648 0.005344108486119199 0.014750899496366016 -0.03044811980276137 -0.056960374964552106 -0.03862077209631146 0.07145146613434607 0.3429548253805152 0.8045502058031362 1.3436731869368224 1.7781916615289277 
-0.561051204349648 0.6421718372660052 0.0344088193233378 -0.017315429196317223 -0.0060978177174277354 0.00936474814197008 0.015416395655196289 -0.0014815014666359765 -0.06077121309109054 -0.17247774402339505 -0.30948568343712035 -0.42340982494706236 
0.005344108486119199 0.0344088193233378 0.009796139104877777 0.00276098909277651 0.000765564894895719 -2.1258972567645155e-06 -0.00040013874186407605 -0.0004955366094607798 -9.730800181249488e-05 0.0009501391398291721 0.002391720412717241 0.0036695319841900556 
0.014750899496366016 -0.017315429196317223 0.00276098909277651 0.0033222071364246257 0.0019200825102390557 0.0005893825877182297 -0.00038612775895463324 -0.0006572530985807124 0.0003892098981303761 0.003174783817579668 0.007004288669198813 0.010386218394177353 
-0.03044811980276137 -0.0060978177174277354 0.000765564894895719 0.0019200825102390557 0.0021205615272104016 0.001857228972766812 0.0009776968531407387 -0.0010959126854192087 -0.005203162530721502 -0.011585088115499659 -0.018689698004935036 -0.024234084163440847 
-0.056960374964552106 0.00936474814197008 -2.1258972567645155e-06 0.0005893825877182297 0.001857228972766812 0.0025023043943142474 0.001975830964509967 -0.0008843561730421412 -0.007827864514172252 -0.019558434137941248 -0.03321151903115374 -0.044188339834887756 
-0.03862077209631146 0.015416395655196289 -0.00040013874186407605 -0.00038612775895463324 0.0009776968531407387 0.001975830964509967 0.002148095588429187 0.0006613474442991069 -0.0037772926259730523 -0.011775818016095082 -0.02137608376706486 -0.029245643405837185 
0.07145146613434607 -0.0014815014666359765 -0.0004955366094607798 -0.0006572530985807124 -0.0010959126854192087 -0.0008843561730421412 0.0006613474442991069 0.0049217309817419915 0.013868244725592335 0.028148598046861043 0.04428765949079945 0.05701501039594663 
0.3429548253805152 -0.06077121309109054 -9.730800181249488e-05 0.0003892098981303761 -0.005203162530721502 -0.007827864514172252 -0.0037772926259730523 0.013868244725592335 0.05529959268474264 0.12448239781494179 0.2045494375043222 0.268696201398003 
0.8045502058031362 -0.17247774402339505 0.0009501391398291721 0.003174783817579668 -0.011585088115499659 -0.019558434137941248 -0.011775818016095082 0.028148598046861043 0.12448239781494179 0.2869691004184007 0.4759838360668334 0.6279228693830551 
1.3436731869368224 -0.30948568343712035 0.002391720412717241 0.007004288669198813 -0.018689698004935036 -0.03321151903115374 -0.02137608376706486 0.04428765949079945 0.2045494375043222 0.4759838360668334 0.7923954910138706 1.0470910659282548 
1.7781916615289277 -0.42340982494706236 0.0036695319841900556 0.010386218394177353 -0.024234084163440847 -0.044188339834887756 -0.029245643405837185 0.05701501039594663 0.268696201398003 0.6279228693830551 1.0470910659282548 1.3847211224329767 
