0.7707059640131783 -0.3352085152488175 0.0018687482367880784 0.006816988077428896 -0.01870626874090963 -0.032074979528349666 -0.018201561365115304 0.04690717170411874 0.1851319083508372 0.37508133075639993 0.5481998261340231 0.6609482385934274 
-0.3352085152488175 0.6990347821004889 0.03944331635499628 -0.015561305046912617 -0.0059465365264764385 0.007324380753757198 0.010210964412534922 -0.010050031687239858 -0.06542352531936589 -0.1483646747562935 -0.22754448639575733 -0.2808370774542148 
0.0018687482367880784 0.03944331635499628 0.010977293805328022 0.003352717934731637 0.001033964579457162 3.4501718143650755e-05 -0.0005630839678812608 -0.000849274856423975 -0.000693391850541076 -9.503108948089006e-05 0.0006384227443327553 0.0012013564181186868 
0.006816988077428896 -0.015561305046912617 0.003352717934731637 0.00386013090993951 0.002337877262901351 0.0009182122218518097 -0.0001412881256991191 -0.0005438766768089216 0.00011955721076997593 0.0018155583092645587 0.0037479066374800254 0.0051819995989735405 
-0.01870626874090963 -0.0059465365264764385 0.001033964579457162 0.002337877262901351 0.0025635614473479033 0.002266764785346006 0.0012896864201880041 -0.0008943103835747018 -0.004710296254530738 -0.009521414343429286 -0.013688751488827068 -0.016302211661505583 
-0.032074979528349666 0.007324380753757198 3.4501718143650755e-05 0.0009182122218518097 0.002266764785346006 0.0028860222199775733 0.002267515520164097 -0.0005972545660548579 -0.006642182878703881 -0.014919790433675877 -0.0224445052759307 -0.027334079913017614 
-0.018201561365115304 0.010210964412534922 -0.0005630839678812608 -0.0001412881256991191 0.0012896864201880041 0.002267515520164097 0.0024417933756093733 0.0011699205919746913 -0.002208263752908896 -0.007194074674523616 -0.01190409965079433 -0.015045453011447118 
0.04690717170411874 -0.010050031687239858 -0.000849274856423975 -0.0005438766768089216 -0.0008943103835747018 -0.0005972545660548579 0.0011699205919746913 0.005738967410669456 0.014204481796515591 0.025200188650234125 0.034907270497101045 0.04108660810812519 
0.1851319083508372 -0.06542352531936589 -0.000693391850541076 0.00011955721076997593 -0.004710296254530738 -0.006642182878703881 -0.002208263752908896 0.014204481796515591 0.04757717277459445 0.09267099841614447 0.13338738191383512 0.15973011187054278 
0.37508133075639993 -0.1483646747562935 -9.503108948089006e-05 0.0018155583092645587 -0.009521414343429286 -0.014919790433675877 -0.007194074674523616 0.025200188650234125 0.09267099841614447 0.18470646174404715 0.2682443979651775 0.3224928094173104 
0.5481998261340231 -0.22754448639575733 0.0006384227443327553 0.0037479066374800254 -0.013688751488827068 -0.0224445052759307 -0.01190409965079433 0.034907270497101045 0.13338738191383512 0.2682443979651775 0.390912600201199 0.4706926355129859 
0.6609482385934274 -0.2808370774542148 0.0012013564181186868 0.0051819995989735405 -0.016302211661505583 -0.027334079913017614 -0.015045453011447118 0.04108660810812519 0.15973011187054278 0.3224928094173104 0.4706926355129859 0.5671463174432063 
