0.006372741342519141 0.08525012490601022 -0.03663475599635665 -0.01146694943596438 0.0002933324080653985 0.0011722816362098308 0.0001886475187409767 -0.0006849001385368556 -0.0012574536188319039 -0.0016332298805357337 -0.001907193743051553 -0.002133212914239793 
0.08525012490601022 4.2758786627392205 -1.2120954973634408 -0.8866927064902962 -0.06141666891994351 0.016680493543450116 -0.026841144412330556 -0.0677121474735348 -0.09521266491325384 -0.11452101137307598 -0.12992761544059822 -0.14364753290634852 
-0.03663475599635665 -1.2120954973634408 10.583978540525404 -2.101609664101616 -0.5518107866349545 -0.14821256365108776 -0.05852891317465134 -0.03241435011829361 -0.02391922946808304 -0.0217335112662442 -0.022050197915442223 -0.023377261056893934 
-0.01146694943596438 -0.8866927064902962 -2.101609664101616 1.7318527104147736 0.26252764027230024 0.03866607102177957 0.035931221981204436 0.05246085054997715 0.06574156566107568 0.07612213732442423 0.08515664543090992 0.09365025312438129 
0.0002933324080653985 -0.06141666891994351 -0.5518107866349545 0.26252764027230024 0.07059370338257212 0.018734044660160407 0.008165618403760648 0.006312146793863672 0.0064063201929205876 0.006968970246106556 0.007651773564181016 0.008366820189915686 
0.0011722816362098308 0.016680493543450116 -0.14821256365108776 0.03866607102177957 0.018734044660160407 0.00734001985710443 0.003381707077943279 0.002082177652413305 0.0017252566454610903 0.0017047488517479281 0.0018048060903303178 0.001948235442461442 
0.0001886475187409767 -0.026841144412330556 -0.05852891317465134 0.035931221981204436 0.008165618403760648 0.003381707077943279 0.0032300516462728207 0.003695958539129269 0.004213126501904344 0.004722038078702342 0.005224158924282348 0.0057234246702067455 
-0.0006849001385368556 -0.0677121474735348 -0.03241435011829361 0.05246085054997715 0.006312146793863672 0.002082177652413305 0.003695958539129269 0.005237997959950951 0.006373962422029683 0.007295973053905631 0.00812855597216478 0.008926543217687401 
-0.0012574536188319039 -0.09521266491325384 -0.02391922946808304 0.06574156566107568 0.0064063201929205876 0.0017252566454610903 0.004213126501904344 0.006373962422029683 0.007894674351712002 0.009087939602309452 0.01014445771522157 0.011147762135873502 
-0.0016332298805357337 -0.11452101137307598 -0.0217335112662442 0.07612213732442423 0.006968970246106556 0.0017047488517479281 0.004722038078702342 0.007295973053905631 0.009087939602309452 0.010480923909453986 0.011706895784067955 0.012867654959274558 
-0.001907193743051553 -0.12992761544059822 -0.022050197915442223 0.08515664543090992 0.007651773564181016 0.0018048060903303178 0.005224158924282348 0.00812855597216478 0.01014445771522157 0.011706895784067955 0.013079249011037077 0.014377260611468061 
-0.002133212914239793 -0.14364753290634852 -0.023377261056893934 0.09365025312438129 0.008366820189915686 0.001948235442461442 0.0057234246702067455 0.008926543217687401 0.011147762135873502 0.012867654959274558 0.014377260611468061 0.015804565392967276 
