8.830575632892202e-05 0.0007958444648051139 -0.009654239203260185 0.005230588726603826 0.00047091501542046967 0.0003110546761727644 0.0005152724245588818 0.0006593795023332631 0.0007657699743796771 0.0008597954311992514 0.0009506775162841167 0.0010409893464408534 
0.0007958444648051139 3.377553290522501 -1.0961229193847444 -0.6603047658176048 0.002300529497383989 0.039616640471910866 -0.010140487355669761 -0.04938812479430561 -0.07387478708068991 -0.09014347433060267 -0.10266999970921145 -0.11363146180534298 
-0.009654239203260185 -1.0961229193847444 11.783379058156463 -2.62215176943931 -0.39683358760982607 -0.12181881027558657 -0.11820062864023743 -0.13199050178198143 -0.14612333108577194 -0.16111334430249458 -0.17695708451508216 -0.19330987028234498 
0.005230588726603826 -0.6603047658176048 -2.62215176943931 2.215648140540142 0.23315626555825913 0.029433216384051157 0.05017725825511262 0.07633871492784514 0.0944381578868799 0.10844145979636796 0.12086777637299254 0.13273026491985548 
0.00047091501542046967 0.002300529497383989 -0.39683358760982607 0.23315626555825913 0.06920972721573512 0.021774515559456024 0.009610160845545584 0.006467857687452764 0.005907258472018474 0.006145208327771299 0.006641375298890172 0.007223234425434999 
0.0003110546761727644 0.039616640471910866 -0.12181881027558657 0.029433216384051157 0.021774515559456024 0.010567748844984483 0.00562496070185973 0.0038697845283504843 0.003425575783580892 0.00348247846864372 0.0037248733857962813 0.004034994479506035 
0.0005152724245588818 -0.010140487355669761 -0.11820062864023743 0.05017725825511262 0.009610160845545584 0.00562496070185973 0.00626350210889983 0.007209081725014022 0.008147703791362643 0.009087120655380261 0.010032760028682605 0.010983041645245856 
0.0006593795023332631 -0.04938812479430561 -0.13199050178198143 0.07633871492784514 0.006467857687452764 0.0038697845283504843 0.007209081725014022 0.009682641839620438 0.011483543252621601 0.013009899741569535 0.014438331937082192 0.0158332329962748 
0.0007657699743796771 -0.07387478708068991 -0.14612333108577194 0.0944381578868799 0.005907258472018474 0.003425575783580892 0.008147703791362643 0.011483543252621601 0.013809139059040298 0.015714953050267665 0.017466681722680573 0.01916396807084458 
0.0008597954311992514 -0.09014347433060267 -0.16111334430249458 0.10844145979636796 0.006145208327771299 0.00348247846864372 0.009087120655380261 0.013009899741569535 0.015714953050267665 0.017910281482302053 0.01991680487339905 0.0218560020631802 
0.0009506775162841167 -0.10266999970921145 -0.17695708451508216 0.12086777637299254 0.006641375298890172 0.0037248733857962813 0.010032760028682605 0.014438331937082192 0.017466681722680573 0.01991680487339905 0.022152023394175345 0.02431035174072996 
0.0010409893464408534 -0.11363146180534298 -0.19330987028234498 0.13273026491985548 0.007223234425434999 0.004034994479506035 0.010983041645245856 0.0158332329962748 0.01916396807084458 0.0218560020631802 0.02431035174072996 0.026679554098920203 
