5.0192457328072835e-05 0.001239746659082726 -0.001434937899031281 0.00016945622201983268 -1.8634699785437406e-05 1.4367075303154725e-05 2.4378354494037565e-05 2.564543239687613e-05 2.6307451880081104e-05 2.7798991588521065e-05 2.9949177308797074e-05 3.245619439188345e-05 
0.001239746659082726 0.2800164265085884 -0.07708082735924816 -0.06309321824817425 -0.004462786841444718 0.0015072371501023917 -0.001226554939737095 -0.003840242676258382 -0.005560185068501863 -0.006735528411341196 -0.007655400190415388 -0.00846701354859877 
-0.001434937899031281 -0.07708082735924816 0.7036591673015838 -0.15393192288352683 -0.029160233302348983 -0.01443461866035495 -0.012148776677685345 -0.012084532958611963 -0.012866921430848796 -0.01403564704265169 -0.015374457578319269 -0.016784409903241905 
0.00016945622201983268 -0.06309321824817425 -0.15393192288352683 0.14769997287138423 0.009764824096233025 0.0019431055317394193 0.0046419372849087065 0.006859166522075707 0.008386646631535013 0.00959935492288917 0.01069072003954658 0.011737670031035121 
-1.8634699785437406e-05 -0.004462786841444718 -0.029160233302348983 0.009764824096233025 0.004439909855570413 0.0014405776125840147 0.0005860793781047123 0.00037026479219764665 0.00033418189409895066 0.0003490329213011933 0.00037859775016021833 0.0004125048529725472 
1.4367075303154725e-05 0.0015072371501023917 -0.01443461866035495 0.0019431055317394193 0.0014405776125840147 0.0006965881380864631 0.00037784460718092686 0.0002710050363738301 0.0002482343550572124 0.0002566154848512021 0.0002762675629934509 0.0002999669806810538 
2.4378354494037565e-05 -0.001226554939737095 -0.012148776677685345 0.0046419372849087065 0.0005860793781047123 0.00037784460718092686 0.0004395403037233645 0.0005092705346257611 0.0005767503935245872 0.0006438363838506145 0.0007111204556533797 0.0007786037485174975 
2.564543239687613e-05 -0.003840242676258382 -0.012084532958611963 0.006859166522075707 0.00037026479219764665 0.0002710050363738301 0.0005092705346257611 0.0006771966907844822 0.0008006611455497317 0.0009064070500384157 0.001005775125195976 0.0011029186138890705 
2.6307451880081104e-05 -0.005560185068501863 -0.012866921430848796 0.008386646631535013 0.00033418189409895066 0.0002482343550572124 0.0005767503935245872 0.0008006611455497317 0.0009587596830712021 0.0010899288142105564 0.001211120601838574 0.0013287338113085671 
2.7798991588521065e-05 -0.006735528411341196 -0.01403564704265169 0.00959935492288917 0.0003490329213011933 0.0002566154848512021 0.0006438363838506145 0.0009064070500384157 0.0010899288142105564 0.0012407774030100767 0.0013794053810552113 0.0015136124053848933 
2.9949177308797074e-05 -0.007655400190415388 -0.015374457578319269 0.01069072003954658 0.00037859775016021833 0.0002762675629934509 0.0007111204556533797 0.001005775125195976 0.001211120601838574 0.0013794053810552113 0.0015337792284953625 0.001683104690147343 
3.245619439188345e-05 -0.00846701354859877 -0.016784409903241905 0.011737670031035121 0.0004125048529725472 0.0002999669806810538 0.0007786037485174975 0.0011029186138890705 0.0013287338113085671 0.0015136124053848933 0.001683104690147343 0.001847006524988082 
