2.830189148445116e-05 0.0004914925507078522 -0.004370901062934072 0.0019654379693174063 2.0713654632101995e-05 4.5396597794104586e-05 0.00013857283388829378 0.00019209790752092466 0.00022763617398208896 0.00025726577040288565 0.0002851353931286793 0.0003125042495326603 
0.0004914925507078522 2.306418672062635 -0.3596137662043064 -0.3640012766703628 -0.03692352183815526 -0.0010028643204889197 -0.014892501443334942 -0.02916224102767668 -0.039051897625622056 -0.04621493715990603 -0.05210374437629955 -0.05745911250308091 
-0.004370901062934072 -0.3596137662043064 3.4071935277619314 -0.9676771715981332 -0.09413553907401989 -0.034219346434503105 -0.04217861177049884 -0.0494771741038592 -0.05556178383529154 -0.061601064103623426 -0.06781057093432277 -0.0741424906595996 
0.0019654379693174063 -0.3640012766703628 -0.9676771715981332 0.9242626632370059 0.061351493378487165 0.00790246868978601 0.022970377484090757 0.034933062085510606 0.0428093083645469 0.04895439086091301 0.054479230422341526 0.059792191745777504 
2.0713654632101995e-05 -0.03692352183815526 -0.09413553907401989 0.061351493378487165 0.018322378286324614 0.005549557177177698 0.0026225092009372264 0.002029932431352752 0.002030441303403833 0.002192271478172277 0.002400188955001788 0.0026217689486075077 
4.5396597794104586e-05 -0.0010028643204889197 -0.034219346434503105 0.00790246868978601 0.005549557177177698 0.002709786524192996 0.0015381554878882398 0.0011703173191091863 0.001115386649956584 0.0011738452535580612 0.0012722910748233344 0.0013847323207312812 
0.00013857283388829378 -0.014892501443334942 -0.04217861177049884 0.022970377484090757 0.0026225092009372264 0.0015381554878882398 0.001984270121890383 0.0024045367066567345 0.0027663542406574995 0.0031048194037959507 0.0034355786086664422 0.003763943643590232 
0.00019209790752092466 -0.02916224102767668 -0.0494771741038592 0.034933062085510606 0.002029932431352752 0.0011703173191091863 0.0024045367066567345 0.0032778047115370242 0.003903337974270502 0.004428562395817743 0.004917419275987288 0.005393529327292488 
0.00022763617398208896 -0.039051897625622056 -0.05556178383529154 0.0428093083645469 0.002030441303403833 0.001115386649956584 0.0027663542406574995 0.003903337974270502 0.004693797207128689 0.005342005618159129 0.005937806179042874 0.006514952888977572 
0.00025726577040288565 -0.04621493715990603 -0.061601064103623426 0.04895439086091301 0.002192271478172277 0.0011738452535580612 0.0031048194037959507 0.004428562395817743 0.005342005618159129 0.0060859531368834836 0.006767068393394174 0.007425693383145411 
0.0002851353931286793 -0.05210374437629955 -0.06781057093432277 0.054479230422341526 0.002400188955001788 0.0012722910748233344 0.0034355786086664422 0.004917419275987288 0.005937806179042874 0.006767068393394174 0.0075253085530020275 0.00825807166093573 
0.0003125042495326603 -0.05745911250308091 -0.0741424906595996 0.059792191745777504 0.0026217689486075077 0.0013847323207312812 0.003763943643590232 0.005393529327292488 0.006514952888977572 0.007425693383145411 0.00825807166093573 0.009062316587073179 
