0.00030021762271185623 0.009713349907972584 -0.012086492820093333 0.000965503420979545 -0.00014669853047843194 0.00013437659436260464 0.00025783178878241984 0.00029974017211855536 0.00032794099725701154 0.00035828206071968234 0.0003917997445599817 0.00042722436660047684 
0.009713349907972584 3.5268672663152665 -0.43886736774626733 -0.5952621201342495 -0.06349074423867478 -0.008756575795937374 -0.03501234289969323 -0.061064703878157024 -0.07946035132277082 -0.09317187160196794 -0.10471013998123252 -0.11534358074502019 
-0.012086492820093333 -0.43886736774626733 7.403581717105148 -1.3417603090127412 -0.18169036914113426 -0.0822380797678307 -0.09340071000481494 -0.10540305211981166 -0.11695566200452509 -0.12922853499973402 -0.14212978745690552 -0.15537018117147075 
0.000965503420979545 -0.5952621201342495 -1.3417603090127412 1.2070625189551283 0.09478344865239387 0.011202374656338023 0.03271503396684503 0.05071378419023012 0.06261780107598056 0.07180525996168856 0.07998724038626538 0.08781726945581161 
-0.00014669853047843194 -0.06349074423867478 -0.18169036914113426 0.09478344865239387 0.03352342708548038 0.01095780390486405 0.005359982151785654 0.004159074017845652 0.00414470625082898 0.00446924314205051 0.004892841373495135 0.0053454750158893425 
0.00013437659436260464 -0.008756575795937374 -0.0822380797678307 0.011202374656338023 0.01095780390486405 0.005944086825614782 0.0037297305650587998 0.003078483821586794 0.0030598928420278995 0.003273979435047233 0.0035696866454672225 0.003893332592912664 
0.00025783178878241984 -0.03501234289969323 -0.09340071000481494 0.03271503396684503 0.005359982151785654 0.0037297305650587998 0.004466679364244169 0.005244306457287967 0.005974187880771813 0.006685638715702636 0.007391706927536379 0.008096304955384551 
0.00029974017211855536 -0.061064703878157024 -0.10540305211981166 0.05071378419023012 0.004159074017845652 0.003078483821586794 0.005244306457287967 0.006837820869315605 0.0080418415838157 0.009089287535734004 0.010080516515157647 0.01105224769351372 
0.00032794099725701154 -0.07946035132277082 -0.11695566200452509 0.06261780107598056 0.00414470625082898 0.0030598928420278995 0.005974187880771813 0.0080418415838157 0.009546590041551953 0.01082183369995733 0.012013350217229185 0.0131754193316738 
0.00035828206071968234 -0.09317187160196794 -0.12922853499973402 0.07180525996168856 0.00446924314205051 0.003273979435047233 0.006685638715702636 0.009089287535734004 0.01082183369995733 0.012279071165165915 0.013635277952644149 0.014955770783021393 
0.0003917997445599817 -0.10471013998123252 -0.14212978745690552 0.07998724038626538 0.004892841373495135 0.0035696866454672225 0.007391706927536379 0.010080516515157647 0.012013350217229185 0.013635277952644149 0.015142851082736618 0.01660992056145296 
0.00042722436660047684 -0.11534358074502019 -0.15537018117147075 0.08781726945581161 0.0053454750158893425 0.003893332592912664 0.008096304955384551 0.01105224769351372 0.0131754193316738 0.014955770783021393 0.01660992056145296 0.01821933703596623 
