4.0605543625583766e-05 -0.004444118420019463 -0.005720271639066253 0.0038297023389270105 0.00022523988618175945 0.00015005220725351325 0.0003892823339147536 0.0005600759303092693 0.0006786735161869692 0.0007745358866970195 0.0008617394876073748 0.000945801442777657 
-0.004444118420019463 2.988152594054723 -0.6099772810042565 -0.6534970797910328 -0.04584762637992002 0.009044003365519821 -0.02429185497326525 -0.05474210923819528 -0.07514191407712963 -0.08957764023847678 -0.10124936644644107 -0.11176104662597787 
-0.005720271639066253 -0.6099772810042565 11.836304448626061 -1.9862277335121101 -0.39823508941322394 -0.13347033346765255 -0.09946324969475456 -0.09488484223440456 -0.09846884251222753 -0.10599094015477102 -0.1154342201565423 -0.12573870343259552 
0.0038297023389270105 -0.6534970797910328 -1.9862277335121101 1.5882675296347204 0.15355577247413454 0.012333136847493148 0.030222548637075797 0.05033480998953344 0.0637882123675223 0.07382256197950622 0.08249868624359483 0.09067514945034591 
0.00022523988618175945 -0.04584762637992002 -0.39823508941322394 0.15355577247413454 0.06394827221885285 0.021642366207615955 0.009034641010483081 0.005440173828265641 0.004591302258044916 0.00461554343920964 0.004927759014048584 0.0053374848920515906 
0.00015005220725351325 0.009044003365519821 -0.13347033346765255 0.012333136847493148 0.021642366207615955 0.01074367058822447 0.0054558597720933385 0.003519080720097904 0.0029667526074302975 0.002944840483393041 0.003120698569934997 0.0033694159510988236 
0.0003892823339147536 -0.02429185497326525 -0.09946324969475456 0.030222548637075797 0.009034641010483081 0.0054558597720933385 0.0054487745059135125 0.006016429143663937 0.006713142604917029 0.007457368517710702 0.008222915752659883 0.008998015408688071 
0.0005600759303092693 -0.05474210923819528 -0.09488484223440456 0.05033480998953344 0.005440173828265641 0.003519080720097904 0.006016429143663937 0.007985208349429236 0.009459777755206787 0.010718714290569382 0.011897319344111194 0.013047582436864614 
0.0006786735161869692 -0.07514191407712963 -0.09846884251222753 0.0637882123675223 0.004591302258044916 0.0029667526074302975 0.006713142604917029 0.009459777755206787 0.011402754653528569 0.012993225408474769 0.014449208939403347 0.015856355864891283 
0.0007745358866970195 -0.08957764023847678 -0.10599094015477102 0.07382256197950622 0.00461554343920964 0.002944840483393041 0.007457368517710702 0.010718714290569382 0.012993225408474769 0.01483286169007644 0.01650533376990528 0.01811661726598104 
0.0008617394876073748 -0.10124936644644107 -0.1154342201565423 0.08249868624359483 0.004927759014048584 0.003120698569934997 0.008222915752659883 0.011897319344111194 0.014449208939403347 0.01650533376990528 0.01837034721049958 0.020165205828581806 
0.000945801442777657 -0.11176104662597787 -0.12573870343259552 0.09067514945034591 0.0053374848920515906 0.0033694159510988236 0.008998015408688071 0.013047582436864614 0.015856355864891283 0.01811661726598104 0.020165205828581806 0.022136008788211193 
