0.8097601247551559 0.045143806475230155 -0.04926592592769204 -0.00033831603802153554 0.051438078863519046 0.05721128536416639 0.004646418133649282 -0.032974106418096484 -0.04564931650049852 -0.04917215048426107 -0.05012381881612243 
0.045143806475230155 0.029012818730003238 0.02092146881725859 0.02134611554846076 0.02215056701850057 0.021617630565940675 0.02011382863243144 0.01933595807628767 0.019130908964042893 0.019086759215848095 0.01907787772432024 
-0.04926592592769204 0.02092146881725859 0.03532221685374573 0.03027533712692363 0.02425069052433042 0.021380950839333408 0.023406937773389865 0.02556604843127866 0.02637130586110328 0.02660475729426332 0.0266689391117123 
-0.00033831603802153554 0.02134611554846076 0.03027533712692363 0.033063685179722545 0.03338239137066254 0.02969268701052096 0.023487128187324773 0.020406541489010374 0.019558017876781648 0.01935513219864814 0.01930669077500003 
0.051438078863519046 0.02215056701850057 0.02425069052433042 0.03338239137066254 0.039510131001302656 0.0363758550555542 0.02457164105469498 0.01758046569727622 0.01544190879865618 0.014887913027250923 0.014746567481082403 
0.05721128536416639 0.021617630565940675 0.021380950839333408 0.02969268701052096 0.0363758550555542 0.036767913560153846 0.029939178797631888 0.025233510816164872 0.023685492169628595 0.023264005432426023 0.023152266459344956 
0.004646418133649282 0.02011382863243144 0.023406937773389865 0.023487128187324773 0.02457164105469498 0.029939178797631888 0.037439441324533494 0.040889387699935616 0.04178505071026764 0.04198757025330913 0.04203329926115365 
-0.032974106418096484 0.01933595807628767 0.02556604843127866 0.020406541489010374 0.01758046569727622 0.025233510816164872 0.040889387699935616 0.04915590844537727 0.05152657711052927 0.05211224018795688 0.05225608041053925 
-0.04564931650049852 0.019130908964042893 0.02637130586110328 0.019558017876781648 0.01544190879865618 0.023685492169628595 0.04178505071026764 0.05152657711052927 0.05435483939220291 0.05506060175109115 0.055235473630506966 
-0.04917215048426107 0.019086759215848095 0.02660475729426332 0.01935513219864814 0.014887913027250923 0.023264005432426023 0.04198757025330913 0.05211224018795688 0.05506060175109115 0.05579815162750122 0.05598129818695658 
-0.05012381881612243 0.01907787772432024 0.0266689391117123 0.01930669077500003 0.014746567481082403 0.023152266459344956 0.04203329926115365 0.05225608041053925 0.055235473630506966 0.05598129818695658 0.05616661311461784 
