0.8073903722104192 0.03104079319523354 -0.06031998204881145 -0.010594989980649299 0.041352193354159496 0.045257189993305566 -0.010894272339063238 -0.05045742101106411 -0.06371541076928439 -0.06739077103381359 -0.06838245725402364 
0.03104079319523354 0.01591658516025439 0.008263026136103536 0.008518553350390326 0.009153464882689446 0.008542355389620698 0.00706933054283789 0.006329436785854165 0.006138311484794117 0.006098054067928268 0.006090197740845327 
-0.06031998204881145 0.008263026136103536 0.02164211594233289 0.016870942054939515 0.011172544102541157 0.008595668334512925 0.010805706322574434 0.01301688065374258 0.013831412716223263 0.014066468759877245 0.014130976335484314 
-0.010594989980649299 0.008518553350390326 0.016870942054939515 0.019863325599735263 0.020438505551991573 0.016905304225290407 0.010664668339069212 0.007514888119270692 0.006637439973590299 0.00642562014618046 0.006374604539424628 
0.041352193354159496 0.009153464882689446 0.011172544102541157 0.020438505551991573 0.02672650634343567 0.023580745443249604 0.011514887893054744 0.0043394005831116555 0.0021375208851842596 0.0015654218261583266 0.0014190334494396765 
0.045257189993305566 0.008542355389620698 0.008595668334512925 0.016905304225290407 0.023580745443249604 0.02385806428990913 0.01678739169850635 0.011940198794624714 0.010346842929385067 0.009912816522608517 0.009797642041596406 
-0.010894272339063238 0.00706933054283789 0.010805706322574434 0.010664668339069212 0.011514887893054744 0.01678739169850635 0.024390401198552358 0.027935997826992548 0.028866475747388126 0.02907909002550222 0.029127636107553874 
-0.05045742101106411 0.006329436785854165 0.01301688065374258 0.007514888119270692 0.0043394005831116555 0.011940198794624714 0.027935997826992548 0.03645272432064684 0.03890932504098687 0.03951935207215736 0.03966992446692292 
-0.06371541076928439 0.006138311484794117 0.013831412716223263 0.006637439973590299 0.0021375208851842596 0.010346842929385067 0.028866475747388126 0.03890932504098687 0.04184026371834455 0.04257503783050925 0.04275791252763504 
-0.06739077103381359 0.006098054067928268 0.014066468759877245 0.00642562014618046 0.0015654218261583266 0.009912816522608517 0.02907909002550222 0.03951935207215736 0.04257503783050925 0.043342884994480725 0.043534384977941 
-0.06838245725402364 0.006090197740845327 0.014130976335484314 0.006374604539424628 0.0014190334494396765 0.009797642041596406 0.029127636107553874 0.03966992446692292 0.04275791252763504 0.043534384977941 0.043728148790703976 
