0.767097049409048 0.03891155304310813 -0.05150775056157142 -0.004679179891714437 0.04500874533484539 0.05050229671485708 -4.838052077950697e-05 -0.03620466419548163 -0.0483807003714469 -0.05176291616245286 -0.05267598819164067 
0.03891155304310813 0.023398736809206438 0.015467724789226067 0.015831421171619977 0.016610933124479758 0.01611329676922308 0.014675547627370927 0.013928551078659274 0.013731137596583134 0.013688543453820241 0.013679954701782732 
-0.05150775056157142 0.015467724789226067 0.029567658816256708 0.02489189876626317 0.019094609492828193 0.016040335928476607 0.017541961255697385 0.019406778743415832 0.020124775018418316 0.020336086693151817 0.02039469173753233 
-0.004679179891714437 0.015831421171619977 0.02489189876626317 0.027681871140802096 0.027947601303050008 0.024026084873404747 0.017476109068118546 0.014226374511623868 0.01333052105277543 0.01311597822441523 0.01306464850428194 
0.04500874533484539 0.016610933124479758 0.019094609492828193 0.027947601303050008 0.03382099578764525 0.030477860189756026 0.018563890601004163 0.011550475909650292 0.009410486017268484 0.00885691779466827 0.008715827067379518 
0.05050229671485708 0.01611329676922308 0.016040335928476607 0.024026084873404747 0.030477860189756026 0.03085801792772259 0.024225981200944997 0.019649367609261476 0.01814214835106842 0.01773145583046166 0.017622539183656645 
-4.838052077950697e-05 0.014675547627370927 0.017541961255697385 0.017476109068118546 0.018563890601004163 0.024225981200944997 0.03218964938992229 0.035863915935883076 0.036820448374730946 0.03703742199326389 0.037086610221313834 
-0.03620466419548163 0.013928551078659274 0.019406778743415832 0.014226374511623868 0.011550475909650292 0.019649367609261476 0.035863915935883076 0.04437673984910363 0.04680977081058733 0.04740932200987833 0.04755627714972299 
-0.0483807003714469 0.013731137596583134 0.020124775018418316 0.01333052105277543 0.009410486017268484 0.01814214835106842 0.036820448374730946 0.04680977081058733 0.04969920109152015 0.050418225185520985 0.050595982130498526 
-0.05176291616245286 0.013688543453820241 0.020336086693151817 0.01311597822441523 0.00885691779466827 0.01773145583046166 0.03703742199326389 0.04740932200987833 0.050418225185520985 0.05116878352905205 0.05135472965551137 
-0.05267598819164067 0.013679954701782732 0.02039469173753233 0.01306464850428194 0.008715827067379518 0.017622539183656645 0.037086610221313834 0.04755627714972299 0.050595982130498526 0.05135472965551137 0.05154281620788485 
