0.7803060837853822 0.030119684365935193 -0.0602649291914472 -0.01247781048696669 0.03838653559854227 0.04433414067018312 -0.007278644992857795 -0.04438962286629885 -0.056932254872066074 -0.06042775588836284 -0.06137437729282404 
0.030119684365935193 0.015478629859974367 0.007843442199148917 0.008023692792512888 0.008612853741116927 0.008062481954464545 0.00674280750736605 0.006087657438290745 0.005921270029466029 0.005887135937587671 0.0058807670659610746 
-0.0602649291914472 0.007843442199148917 0.021488680907390638 0.01681689469495063 0.011070324227220396 0.008131394266865141 0.009813118752630256 0.011777103524071545 0.012526695059430165 0.012746907899794074 0.012808023847072397 
-0.01247781048696669 0.008023692792512888 0.01681689469495063 0.01961839520774588 0.01998977724770247 0.01628895275197407 0.009976194426567291 0.006821331613072085 0.005947272873748437 0.00573704070732095 0.005686534865499038 
0.03838653559854227 0.008612853741116927 0.011070324227220396 0.01998977724770247 0.026030891177669498 0.022936469828065704 0.011184179373751747 0.0041946754287897434 0.0020480811668581508 0.0014897212427328888 0.0013466729263397655 
0.04433414067018312 0.008062481954464545 0.008131394266865141 0.01628895275197407 0.022936469828065704 0.02341373257621515 0.01666222231820568 0.011963846729972477 0.01040848299414138 0.009982742157622541 0.009869345684660392 
-0.007278644992857795 0.00674280750736605 0.009813118752630256 0.009976194426567291 0.011184179373751747 0.01666222231820568 0.024191433396770254 0.027627377765277225 0.028513897036383955 0.02871325724506052 0.028758061577402107 
-0.04438962286629885 0.006087657438290745 0.011777103524071545 0.006821331613072085 0.0041946754287897434 0.011963846729972477 0.027627377765277225 0.035875400316793524 0.03823902742247042 0.03882313557763101 0.038966756602163186 
-0.056932254872066074 0.005921270029466029 0.012526695059430165 0.005947272873748437 0.0020480811668581508 0.01040848299414138 0.028513897036383955 0.03823902742247042 0.041062067416446656 0.041767091056560325 0.041942046558467186 
-0.06042775588836284 0.005887135937587671 0.012746907899794074 0.00573704070732095 0.0014897212427328888 0.009982742157622541 0.02871325724506052 0.03882313557763101 0.041767091056560325 0.04250420660143811 0.04268753960709416 
-0.06137437729282404 0.0058807670659610746 0.012808023847072397 0.005686534865499038 0.0013466729263397655 0.009869345684660392 0.028758061577402107 0.038966756602163186 0.041942046558467186 0.04268753960709416 0.042873073754536174 
