0.8135234373159826 0.03733783350551681 -0.05385253654884145 -0.005109144024262421 0.04690711307297413 0.053617596262785686 0.0016934731325449655 -0.035906765128765006 -0.04865967971804534 -0.05222330243216364 -0.05319058275674769 
0.03733783350551681 0.02342320568494139 0.016093721866532032 0.016192177784605716 0.016691095800140866 0.016109123206467253 0.014815541744677774 0.014182477760687491 0.01402316032694315 0.013990800029497836 0.013984854789521202 
-0.05385253654884145 0.016093721866532032 0.029465742131762642 0.024813339203744636 0.019098415303942753 0.016175264779351335 0.017884157171770047 0.019869118233296665 0.020627246085232746 0.020850314577620856 0.020912339832502676 
-0.005109144024262421 0.016192177784605716 0.024813339203744636 0.02766092183058219 0.02807118973924994 0.02436427596799253 0.018024432568996343 0.014859070935944825 0.013983825000753236 0.013773877733037645 0.013723606852844513 
0.04690711307297413 0.016691095800140866 0.019098415303942753 0.02807118973924994 0.03414020728075421 0.03101015604712941 0.019180748973620154 0.012153161738789029 0.009996784229690468 0.009436355422978193 0.009292894204151057 
0.053617596262785686 0.016109123206467253 0.016175264779351335 0.02436427596799253 0.03101015604712941 0.031425584223242126 0.024583369881755954 0.019844440519780515 0.018279184160563365 0.017851404964301314 0.017737600359528413 
0.0016934731325449655 0.014815541744677774 0.017884157171770047 0.018024432568996343 0.019180748973620154 0.024583369881755954 0.032063624200142124 0.035492262712451005 0.036380616428450994 0.03658129342509058 0.036626614845375535 
-0.035906765128765006 0.014182477760687491 0.019869118233296665 0.014859070935944825 0.012153161738789029 0.019844440519780515 0.035492262712451005 0.043757185200038295 0.04613099049592166 0.04671879244835468 0.04686358942057192 
-0.04865967971804534 0.01402316032694315 0.020627246085232746 0.013983825000753236 0.009996784229690468 0.018279184160563365 0.036380616428450994 0.04613099049592166 0.04896707186018697 0.04967660620937576 0.049852965125565696 
-0.05222330243216364 0.013990800029497836 0.020850314577620856 0.013773877733037645 0.009436355422978193 0.017851404964301314 0.03658129342509058 0.04671879244835468 0.04967660620937576 0.05041846638795231 0.05060326824111942 
-0.05319058275674769 0.013984854789521202 0.020912339832502676 0.013723606852844513 0.009292894204151057 0.017737600359528413 0.036626614845375535 0.04686358942057192 0.049852965125565696 0.05060326824111942 0.05079028961784755 
