0.7872183521583236 0.02979550159869861 -0.06127821138362879 -0.011875488914244552 0.03970391764545797 0.04432948577649167 -0.009966065970360649 -0.04844921126437159 -0.061372736202761784 -0.06495973278034003 -0.06592843995462133 
0.02979550159869861 0.014690089840373463 0.006982006728800987 0.0072528543436663345 0.007891917176063324 0.007358997308159844 0.006040757618914423 0.005387391336060989 0.0052228426093959565 0.005189648825595368 0.005183660050083519 
-0.06127821138362879 0.006982006728800987 0.02069998918667032 0.015845464631130412 0.010065136016413472 0.007333500420699907 0.009331876904339792 0.011437645764546336 0.012221846364829302 0.012449230411530076 0.012511801476885591 
-0.011875488914244552 0.0072528543436663345 0.015845464631130412 0.019066478249277374 0.019762141894430815 0.016012670457040433 0.009279167551097128 0.00586053232550873 0.004904248261100359 0.004672592594682792 0.00461662857678051 
0.03970391764545797 0.007891917176063324 0.010065136016413472 0.019762141894430815 0.026310261024942667 0.022949071588665576 0.010266411767524216 0.002743145695313429 0.00043791359818094733 -0.00016040911641276162 -0.00031339128480620086 
0.04432948577649167 0.007358997308159844 0.007333500420699907 0.016012670457040433 0.022949071588665576 0.023114210695064828 0.015584482136193 0.010463315676526653 0.008785631158254358 0.008329552139602193 0.008208669732401272 
-0.009966065970360649 0.006040757618914423 0.009331876904339792 0.009279167551097128 0.010266411767524216 0.015584482136193 0.023086485917814755 0.026546727306004197 0.02744604316742926 0.02764942935790825 0.027695334024406895 
-0.04844921126437159 0.005387391336060989 0.011437645764546336 0.00586053232550873 0.002743145695313429 0.010463315676526653 0.026546727306004197 0.03508044907551551 0.0375353953119474 0.03814348008633289 0.03829319991959851 
-0.061372736202761784 0.0052228426093959565 0.012221846364829302 0.004904248261100359 0.00043791359818094733 0.008785631158254358 0.02744604316742926 0.0375353953119474 0.04047334125129351 0.04120835243335113 0.04139092088686428 
-0.06495973278034003 0.005189648825595368 0.012449230411530076 0.004672592594682792 -0.00016040911641276162 0.008329552139602193 0.02764942935790825 0.03814348008633289 0.04120835243335113 0.04197699569058421 0.04216833249233115 
-0.06592843995462133 0.005183660050083519 0.012511801476885591 0.00461662857678051 -0.00031339128480620086 0.008208669732401272 0.027695334024406895 0.03829319991959851 0.04139092088686428 0.04216833249233115 0.042361970520363765 
