0.8087942044721264 0.033171985051146644 -0.060008362332302286 -0.008984937285352039 0.04497226835336249 0.05085341139805213 -0.004653708542321663 -0.044439177262435604 -0.05787964087061615 -0.0616277045381761 -0.06264417349514076 
0.033171985051146644 0.018267209768554685 0.010267443175197793 0.010572635422971387 0.011324701863617101 0.010902543602704888 0.009632931098676434 0.008981241855211361 0.008813475641687454 0.008778933801954748 0.008772541635373981 
-0.060008362332302286 0.010267443175197793 0.02459273837347422 0.019598577808953667 0.013520363820605912 0.010580500536783454 0.012621280326320332 0.014822043722445681 0.015647102415533368 0.015887297883253725 0.015953587869669855 
-0.008984937285352039 0.010572635422971387 0.019598577808953667 0.022467562049980468 0.02287383456878989 0.01912317074476543 0.012654007439625787 0.009399531604705356 0.008491859507703703 0.008271900062030338 0.008218607773435586 
0.04497226835336249 0.011324701863617101 0.013520363820605912 0.02287383456878989 0.029297737165213035 0.026102523089364126 0.013700511680634164 0.006290826712357986 0.004006764403145428 0.0034103625167802958 0.0032569221711339774 
0.05085341139805213 0.010902543602704888 0.010580500536783454 0.01912317074476543 0.026102523089364126 0.026407634995467836 0.01895947985501263 0.013833096992802883 0.012141552690851648 0.011678864576025504 0.011555522383188787 
-0.004653708542321663 0.009632931098676434 0.012621280326320332 0.012654007439625787 0.013700511680634164 0.01895947985501263 0.026325367773980785 0.029718619498996027 0.030601176233939698 0.030801253894571393 0.030846601138546464 
-0.044439177262435604 0.008981241855211361 0.014822043722445681 0.009399531604705356 0.006290826712357986 0.013833096992802883 0.029718619498996027 0.038194340614917374 0.04064577552785144 0.041256600290158 0.041407985853787854 
-0.05787964087061615 0.008813475641687454 0.015647102415533368 0.008491859507703703 0.004006764403145428 0.012141552690851648 0.030601176233939698 0.04064577552785144 0.04358768388448657 0.044328222783640944 0.04451338990877565 
-0.0616277045381761 0.008778933801954748 0.015887297883253725 0.008271900062030338 0.0034103625167802958 0.011678864576025504 0.030801253894571393 0.041256600290158 0.044328222783640944 0.0451033502837344 0.0452975911214067 
-0.06264417349514076 0.008772541635373981 0.015953587869669855 0.008218607773435586 0.0032569221711339774 0.011555522383188787 0.030846601138546464 0.041407985853787854 0.04451338990877565 0.0452975911214067 0.045494227874005484 
