0.745317418338791 0.034276395709721214 -0.05399472328407407 -0.007270333967218948 0.04194741558628219 0.046491606863754545 -0.005137837100381019 -0.04176890220379448 -0.05407223478575513 -0.05748632917385708 -0.05840789914599492 
0.034276395709721214 0.018932675561924503 0.01098515079080182 0.011220627700561835 0.01192201603923319 0.011502149189913125 0.010282997986845534 0.009660669755870707 0.00950077921409025 0.00946782548960242 0.009461688617696603 
-0.05399472328407407 0.01098515079080182 0.024813347493621234 0.020240369942718786 0.01460734535449114 0.011740859795912665 0.013341159768288547 0.015214725970663718 0.015927315463301887 0.016135775225968433 0.01619338122374248 
-0.007270333967218948 0.011220627700561835 0.020240369942718786 0.02332048046203926 0.02389393316375779 0.020096595595641184 0.013349506528454066 0.00991981084931583 0.00895659680190954 0.00872191110111721 0.00866481436571715 
0.04194741558628219 0.01192201603923319 0.01460734535449114 0.02389393316375779 0.03015448543485825 0.026800828039226985 0.014361519683275079 0.006980559105108901 0.004715176845605122 0.00412589764421166 0.003974860213791256 
0.046491606863754545 0.011502149189913125 0.011740859795912665 0.020096595595641184 0.026800828039226985 0.026971790858285626 0.019671939320607665 0.014695720166056062 0.01306255164648913 0.012617850773783516 0.012499816735208709 
-0.005137837100381019 0.010282997986845534 0.013341159768288547 0.013349506528454066 0.014361519683275079 0.019671939320607665 0.02718420817849708 0.03066450207078918 0.03157430196102107 0.03178161474342818 0.0318288464866481 
-0.04176890220379448 0.009660669755870707 0.015214725970663718 0.00991981084931583 0.006980559105108901 0.014695720166056062 0.03066450207078918 0.039142291760735935 0.041585664038327426 0.042192437273514495 0.04234228612998492 
-0.05407223478575513 0.00950077921409025 0.015927315463301887 0.00895659680190954 0.004715176845605122 0.01306255164648913 0.03157430196102107 0.041585664038327426 0.044505349556293886 0.0452373878313215 0.045419684677124345 
-0.05748632917385708 0.00946782548960242 0.016135775225968433 0.00872191110111721 0.00412589764421166 0.012617850773783516 0.03178161474342818 0.042192437273514495 0.0452373878313215 0.04600262795155366 0.04619358481207127 
-0.05840789914599492 0.009461688617696603 0.01619338122374248 0.00866481436571715 0.003974860213791256 0.012499816735208709 0.0318288464866481 0.04234228612998492 0.045419684677124345 0.04619358481207127 0.04638681447167684 
